201	-0.00189
202	0.01039
203	-5.019E-4
204	-0.005024
205	0.007231
206	0.01327
207	-0.003778
208	0.009168
209	0.001525
210	0.01527
211	-0.006942
212	0.01053
213	-1.071E-4
214	0.009945
215	0.0229
216	-0.007624
217	0.01097
218	-0.005243
219	-0.006267
220	-0.001884
221	0.00878
222	0.003903
223	-0.007299
224	0.001921
225	0.006994
226	0.002229
227	0.007642
228	-0.004444
229	0.007233
230	-0.007693
231	-0.006646
232	0.003473
233	-0.00185
234	0.002149
235	2.679E-4
236	-0.01906
237	-0.008919
238	0.02449
239	0.01721
240	-4.791E-4
241	2.324E-4
242	0.01688
243	0.009993
244	0.01737
245	-0.001811
246	0.01359
247	0.02153
248	-0.001398
249	0.005545
250	0.01232
251	-0.01318
252	-0.01481
253	0.01138
254	0.009911
255	-0.008246
256	-0.003126
257	0.009801
258	0.01591
259	0.00945
260	-1.464E-4
261	-0.00312
262	-0.02209
263	-0.007403
264	0.0111
265	0.011
266	0.01642
267	4.16E-4
268	-0.02147
269	-0.003524
270	-0.01114
271	-7.388E-4
272	0.01291
273	1.167E-4
274	0.005879
275	0.01638
276	0.01233
277	-0.007414
278	-0.008397
279	0.004495
280	0.01313
281	-0.01931
282	0.01928
283	0.009449
284	0.006717
285	0.006594
286	0.0107
287	-0.003681
288	4.781E-4
289	-0.006988
290	-0.003561
291	-0.003351
292	0.00446
293	-0.01771
294	4.368E-4
295	0.01247
296	0.005478
297	0.006296
298	-7.189E-4
299	0.02548
300	-0.004197
301	0.0155
302	0.02001
303	0.0144
304	-8.313E-4
305	0.0182
306	0.01743
307	-0.002914
308	-0.005443
309	0.01528
310	0.01108
311	0.01635
312	0.001385
313	0.01154
314	-0.006422
315	0.01192
316	3.969E-5
317	0.005345
318	0.01627
319	0.006838
320	0.007275
321	-0.004075
322	-0.01045
323	-0.006445
324	0.01307
325	0.006177
326	-0.008803
327	0.006744
328	0.005982
329	-0.01169
330	0.01251
331	0.01433
332	0.007182
333	-0.01944
334	1.155E-4
335	-0.001274
336	-0.003663
337	0.005566
338	0.004302
339	0.004071
340	7.338E-5
341	0.01632
342	-0.002624
343	-0.003262
344	0.009163
345	0.009521
346	2.105E-4
347	-0.002796
348	0.001192
349	-0.01949
350	0.006754
351	-0.002448
352	0.00656
353	-0.00334
354	0.02707
355	0.003022
356	0.004425
357	-0.0035
358	0.01076
359	1.089E-4
360	0.002001
361	0.01004
362	-0.008489
363	-0.01069
364	0.01521
365	0.009396
366	-0.004438
367	-0.006347
368	-0.006843
369	0.01073
370	0.006398
371	0.01966
372	0.01591
373	-0.008202
374	0.01845
375	-0.004663
376	-0.00339
377	0.006237
378	9.653E-4
379	-1.586E-4
380	-0.008583
381	0.005494
382	-0.003559
383	-1.688E-4
384	0.0151
385	-0.002973
386	-0.004947
387	0.002734
388	-0.00391
389	-0.01439
390	0.009846
391	0.003969
392	-0.008204
393	0.002508
394	0.003845
395	0.02035
396	-0.008184
397	0.01107
398	8.541E-4
399	-0.001474
400	0.001187
401	0.006749
402	0.001185
403	0.01474
404	-0.002919
405	0.004834
406	6.661E-4
407	-0.005353
408	0.01234
409	-0.02117
410	0.01062
411	0.002734
412	0.001264
413	-0.007514
414	-0.01031
415	0.003088
416	0.006667
417	0.004863
418	-0.002025
419	-0.007075
420	0.007895
421	0.02214
422	-1.899E-4
423	0.0134
424	0.005001
425	-0.001576
426	0.01661
427	-0.001879
428	0.01344
429	0.002696
430	0.00938
431	-0.01307
432	-7.419E-4
433	-0.0191
434	0.006807
435	-0.01259
436	-0.01883
437	-0.005648
438	-0.006968
439	0.01527
440	7.057E-4
441	0.01272
442	0.01218
443	4.847E-4
444	-0.01445
445	0.006206
446	0.008533
447	-0.00759
448	-7.966E-4
449	0.008913
450	-0.008625
451	0.001953
452	0.006445
453	0.01638
454	-0.003832
455	-0.004149
456	-0.004755
457	0.003905
458	0.01514
459	-0.01385
460	-0.01614
461	-0.00376
462	0.01667
463	-0.007545
464	-0.003444
465	0.004493
466	-0.01954
467	0.01492
468	-0.001768
469	0.001804
470	0.02999
471	2.425E-4
472	-0.01226
473	-0.01034
474	0.004768
475	-0.007789
476	0.003851
477	-0.006128
478	-0.006537
479	-0.005827
480	-0.005221
481	-0.003251
482	0.002331
483	9.491E-4
484	0.0155
485	-0.01074
486	-0.006279
487	0.02375
488	-0.003682
489	-0.00406
490	-0.01646
491	0.01182
492	-0.001679
493	-0.004881
494	-0.01101
495	-0.004854
496	0.002432
497	0.0121
498	0.004372
499	-0.005346
500	0.009919
501	-0.004014
502	-0.0118
503	0.003711
504	0.01066
505	-0.01958
506	-0.0079
507	-0.01061
508	0.006646
509	-0.01072
510	-0.007105
511	0.0087
512	2.481E-4
513	-0.01227
514	0.007396
515	0.01795
516	0.01317
517	0.01028
518	0.02925
519	0.08851
520	0.06526
521	0.1859
522	0.1183
523	0.06434
524	0.1038
525	0.2246
526	0.224
527	0.243
528	0.07481
529	0.1115
530	0.07294
531	0.002218
532	0.03212
533	0.1469
534	0.09067
535	0.09342
536	-0.0139
537	0.174
538	0.13
539	0.1928
540	0.315
541	0.04289
542	0.13
543	-6.344E-4
544	0.01925
545	0.009968
546	0.008998
547	0.00208
548	0.02113
549	0.001187
550	0.005779
551	-0.005289
552	-0.005569
553	7.601E-4
554	0.007816
555	0.008205
556	-0.007806
557	0.0131
558	-0.02237
559	0.002962
560	-0.009514
561	-0.002381
562	0.001475
563	0.0119
564	-0.01596
565	0.007763
566	-0.006265
567	0.006591
568	0.00617
569	1.377E-4
570	0.0166
571	0.006585
572	-0.005131
573	0.02334
574	3.585E-4
575	-0.01547
576	0.01218
577	0.01273
578	0.002286
579	5.405E-4
580	-0.002882
581	0.009995
582	-0.01166
583	0.00829
584	0.01391
585	-0.01325
586	-0.00325
587	0.008365
588	0.005579
589	-0.008006
590	0.01964
591	-0.009646
592	0.001252
593	0.001088
594	-0.006292
595	-0.004662
596	0.005167
597	-0.003585
598	0.003499
599	0.02039
600	0.01079
601	-0.007685
602	-0.007841
603	-0.001797
604	-0.006828
605	0.00291
606	-9.24E-4
607	-0.00201
608	0.004635
609	0.00291
610	0.007765
611	0.004526
612	-0.003975
613	0.001148
614	0.01975
615	0.004709
616	-0.01249
617	-0.005681
618	-0.002125
619	0.01619
620	-1.791E-4
621	-0.001936
622	0.003174
623	-5.067E-4
624	-0.02142
625	0.008537
626	0.002076
627	0.01361
628	-0.005883
629	-0.006897
630	-5.666E-4
631	0.001482
632	0.005034
633	7.427E-4
634	-0.005095
635	0.00301
636	0.01069
637	-0.008676
638	-0.004913
639	6.395E-5
640	0.005337
641	-0.005987
642	0.02109
643	-0.02232
644	-0.01416
645	-0.005295
646	-6.866E-4
647	-0.01359
648	0.009481
649	0.02245
650	0.01306
651	-0.01192
652	0.001253
653	-0.005244
654	0.02576
655	-0.006198
656	9.809E-4
657	-0.007334
658	0.001644
659	0.01439
660	-0.004212
661	0.01314
662	0.007778
663	-0.002843
664	0.02211
665	0.002789
666	-0.02444
667	0.003602
668	1.551E-4
669	0.01011
670	-0.00529
671	0.005336
672	0.003722
673	0.02132
674	0.01947
675	0.007213
676	-0.007333
677	-0.002897
678	0.001765
679	8.789E-4
680	-0.009324
681	0.001011
682	-0.003164
683	0.005531
684	-0.01496
685	0.01601
686	0.01414
687	-0.0106
688	-0.01309
689	0.01677
690	0.02528
691	0.01487
692	-0.008151
693	-0.002697
694	0.00671
695	0.0259
696	0.008193
697	-0.003007
698	-2.855E-4
699	-0.003132
700	-0.003765
701	0.01056
702	0.003675
703	-0.008234
704	-0.0192
705	-0.005635
706	-0.003222
707	9.116E-5
708	0.009755
709	0.005987
710	-0.01007
711	-0.01397
712	-0.003368
713	0.003596
714	0.007813
715	0.001025
716	0.008515
717	0.008063
718	0.01235
719	-0.01911
720	0.01225
721	-6.147E-4
722	0.001629
723	0.007581
724	0.006014
725	-0.01012
726	0.001061
727	5.002E-4
728	0.009418
729	-0.006525
730	-0.006721
731	-0.002492
732	-3.543E-4
733	0.009135
734	0.008799
735	-0.005359
736	-0.005301
737	-0.0122
738	0.005099
739	0.007042
740	-0.01291
741	-5.083E-4
742	0.001441
743	0.004485
744	-0.01244
745	0.02002
746	-0.00375
747	0.004054
748	0.01134
749	-0.00115
750	-5.302E-5
751	-0.01037
752	-0.006551
753	-0.008642
754	-2.094E-4
755	0.002799
756	-0.002069
757	0.01131
758	0.007651
759	-0.008732
760	0.003078
761	0.01039
762	-0.01518
763	-0.01316
764	3.387E-4
765	0.01897
766	0.001242
767	-0.0063
768	0.01974
769	0.01231
770	-0.004149
771	-0.006092
772	-1.87E-4
773	0.001428
774	-0.005205
775	-7.684E-4
776	-5.386E-4
777	0.001365
778	0.001636
779	0.004068
780	0.007671
781	-0.02685
782	0.003886
783	0.009175
784	0.0111
785	0.01426
786	1.491E-4
787	-8.313E-4
788	-0.005402
789	0.003601
790	0.01319
791	-0.01607
792	-0.00121
793	0.008161
794	0.00217
795	-0.00553
796	1.017E-4
797	0.007714
798	-0.002767
799	-0.005741
800	0.007218
801	0.008432
802	0.009622
803	-0.007782
804	-0.008273
805	0.09325
806	0.03301
807	0.08546
808	0.09871
809	0.1252
810	0.02288
811	-0.004738
812	0.004657
813	0.004365
814	0.008583
815	0.009942
816	0.009222
817	0.01026
818	0.008113
819	0.009679
820	-0.01132
821	-0.003877
822	0.01158
823	-0.0143
824	0.009236
825	-0.00288
826	0.01264
827	9.424E-5
828	0.0225
829	6.317E-5
830	0.00474
831	-0.003106
832	-0.003152
833	-0.00703
834	0.01427
835	0.01697
836	0.01417
837	0.009014
838	-0.00472
839	0.004125
840	-0.001291
841	-0.008938
842	-0.004154
843	-0.01839
844	0.001214
845	0.00973
846	0.01017
847	-0.01238
848	0.002586
849	0.01533
850	-0.00647
851	0.008572
852	-0.004215
853	0.002037
854	8.579E-4
855	0.009901
856	0.01213
857	0.009106
858	-7.239E-5
859	0.01378
860	-0.01485
861	-0.01222
862	0.003974
863	-0.0147
864	0.001351
865	-0.001103
866	0.005826
867	-0.02314
868	0.005452
869	-0.01514
870	0.01295
871	0.02363
872	-9.105E-4
873	-0.008133
874	0.001365
875	0.02054
876	-0.003128
877	0.005769
878	0.001994
879	0.00292
880	-0.007458
881	0.002922
882	-0.001486
883	0.002982
884	-5.963E-4
885	0.005805
886	0.01035
887	0.006518
888	0.009716
889	0.009518
890	-0.007184
891	9.356E-4
892	0.00651
893	0.01572
894	0.009093
895	-0.002231
896	-0.01416
897	-0.003653
898	0.014
899	-0.002619
900	-0.007161
901	-0.01221
902	-0.006921
903	-0.006746
904	-0.002266
905	-0.004923
906	0.01379
907	0.008646
908	6.821E-4
909	0.005714
910	-0.02098
911	0.01733
912	0.003943
913	6.645E-5
914	-0.001468
915	-0.006309
916	-0.006773
917	0.004364
918	-6.095E-4
919	-0.01474
920	0.01427
921	0.009307
922	-0.01091
923	0.001468
924	0.00242
925	0.005158
926	0.001382
927	-0.01624
928	0.005047
929	-0.007348
930	0.004474
931	0.003155
932	-0.01188
933	-0.006532
934	0.003579
935	0.003318
936	-0.001887
937	-0.01475
938	0.003781
939	-0.01244
940	0.004567
941	-0.0032
942	0.004744
943	-2.908E-4
944	0.005667
945	0.01714
946	-0.009517
947	0.01313
948	-0.002851
949	8.239E-4
950	-0.003534
951	-0.01372
952	-0.003983
953	-0.008349
954	0.01046
955	-0.01057
956	0.02464
957	0.008598
958	-0.006356
959	0.003444
960	-0.01154
961	-0.01056
962	0.00733
963	0.01123
964	-0.004393
965	0.003344
966	-0.004343
967	0.003106
968	0.01032
969	0.01214
970	-0.00623
971	0.004196
972	0.01059
973	-1.663E-4
974	-0.001809
975	0.009432
976	0.005564
977	-1.132E-6
978	0.02956
979	0.06203
980	-0.06866
981	0.07862
982	0.08871
983	0.1203
984	0.2174
985	0.1423
986	0.07875
987	0.1357
988	0.203
989	0.1327
990	0.1418
991	0.04535
992	0.09521
993	0.08339
994	0.07127
995	0.08936
996	0.1126
997	0.2244
998	0.2031
999	0.1316
1000	0.1228
201	0.01513
202	0.00467
203	-0.0152
204	-0.008859
205	-0.001814
206	0.008823
207	-0.004865
208	-0.007535
209	0.01067
210	-0.003151
211	0.0138
212	-0.003616
213	0.01166
214	0.01145
215	-0.001824
216	-3.639E-4
217	-0.01296
218	0.01214
219	-0.004879
220	0.005558
221	0.01455
222	0.01233
223	0.01022
224	0.005498
225	-0.003739
226	0.006342
227	-0.00704
228	5.956E-4
229	0.01292
230	0.01457
231	0.005097
232	0.02335
233	0.001288
234	-0.01674
235	0.007113
236	0.006127
237	0.01199
238	-0.001081
239	-0.007917
240	0.002064
241	0.02384
242	-0.01381
243	-0.006178
244	0.006883
245	0.006522
246	0.02936
247	-0.002412
248	-0.01214
249	0.001257
250	-0.01742
251	1.402E-5
252	0.03251
253	0.1233
254	0.1894
255	0.2994
256	0.2168
257	0.1066
258	0.2991
259	0.3105
260	0.2777
261	0.2079
262	0.2896
263	0.09058
264	0.3598
265	0.2125
266	0.2969
267	0.1622
268	0.2879
269	0.2764
270	0.2764
271	0.2062
272	0.3264
273	0.1546
274	0.1305
275	0.3106
276	0.3047
277	0.2527
278	0.1606
279	0.2125
280	0.2408
281	0.1978
282	0.1335
283	0.2356
284	0.1722
285	0.1598
286	0.2315
287	0.2584
288	0.3227
289	0.2937
290	0.3672
291	0.2768
292	0.2098
293	0.3368
294	0.3206
295	0.126
296	0.2973
297	0.3027
298	0.4189
299	0.2205
300	0.3128
301	0.1995
302	0.145
303	0.3119
304	0.3017
305	0.2376
306	0.3146
307	0.3633
308	0.3057
309	0.2833
310	0.2782
311	0.1525
312	0.2711
313	0.3224
314	0.1681
315	0.2157
316	0.1989
317	0.1964
318	0.2271
319	0.2563
320	0.1786
321	0.2717
322	0.2754
323	0.2384
324	0.2281
325	0.2432
326	0.3115
327	0.3325
328	0.2826
329	0.2263
330	0.2501
331	0.2452
332	0.2312
333	0.2975
334	0.1306
335	0.2725
336	0.1786
337	0.2209
338	0.1845
339	0.2338
340	0.2402
341	0.2504
342	0.1912
343	0.1845
344	0.3722
345	0.1329
346	0.2378
347	0.3774
348	0.3008
349	0.1066
350	0.1711
351	0.4009
352	0.328
353	0.2163
354	0.2035
355	0.3216
356	0.2079
357	0.1405
358	0.3566
359	0.2839
360	0.3386
361	0.4109
362	0.1556
363	0.2584
364	0.2046
365	0.2294
366	0.1581
367	0.2907
368	0.3841
369	0.2958
370	0.2856
371	0.2124
372	0.2007
373	0.2673
374	0.2171
375	0.2506
376	0.2006
377	0.2176
378	0.2462
379	0.2987
380	0.3035
381	0.3253
382	0.2341
383	0.2944
384	0.1848
385	0.2121
386	0.2649
387	0.3267
388	0.3164
389	0.2717
390	0.2322
391	0.3643
392	0.2621
393	0.1069
394	0.2722
395	0.2586
396	0.2248
397	0.1453
398	0.2407
399	0.3201
400	0.3199
401	0.3439
402	0.3295
403	0.288
404	0.3305
405	0.3106
406	0.2853
407	0.2098
408	0.2801
409	0.158
410	0.349
411	0.3019
412	0.2946
413	0.2365
414	0.1346
415	0.1604
416	0.2164
417	0.2772
418	0.2332
419	0.1838
420	0.2369
421	0.2629
422	0.1792
423	0.3886
424	0.2141
425	0.2657
426	0.09088
427	0.2633
428	0.2452
429	0.3313
430	0.1744
431	0.1776
432	0.3709
433	0.2325
434	0.1354
435	0.1357
436	0.2912
437	0.2041
438	0.2367
439	0.1889
440	0.3489
441	0.235
442	0.2638
443	0.3018
444	0.188
445	0.1393
446	0.1805
447	0.3453
448	0.238
449	0.2621
450	0.3205
451	0.2404
452	0.1988
453	0.2266
454	0.2312
455	0.3377
456	0.3097
457	0.2285
458	0.1429
459	0.2719
460	0.3276
461	0.2958
462	0.2718
463	0.1917
464	0.1536
465	0.3469
466	0.3134
467	0.3227
468	0.247
469	0.1998
470	0.3664
471	0.2294
472	0.1865
473	0.2468
474	0.239
475	0.4056
476	0.2146
477	0.2386
478	0.2099
479	0.1853
480	0.3392
481	0.1284
482	0.3021
483	0.1029
484	0.2998
485	0.2551
486	0.2553
487	0.3057
488	0.1265
489	0.1886
490	0.3033
491	0.2546
492	0.1909
493	0.2239
494	0.1171
495	0.2504
496	0.2966
497	0.2346
498	0.2955
499	0.2069
500	0.3474
501	0.2524
502	0.3759
503	0.201
504	0.173
505	0.3543
506	0.1708
507	0.2833
508	0.1619
509	0.3082
510	0.1506
511	0.1294
512	0.133
513	0.1587
514	0.2873
515	0.2656
516	0.1787
517	0.1577
518	0.3598
519	0.2167
520	0.176
521	0.2418
522	0.1592
523	0.2042
524	0.1533
525	0.1634
526	0.145
527	0.0815
528	0.2441
529	0.1695
530	0.1344
531	0.2425
532	0.2996
533	0.2816
534	0.06074
535	0.2775
536	0.2294
537	0.161
538	0.08447
539	0.03126
540	0.1594
541	0.1764
542	0.2617
543	0.2016
544	0.2219
545	0.3283
546	0.2047
547	0.3603
548	0.2031
549	0.4173
550	0.1499
551	0.2814
552	0.2766
553	0.2709
554	0.1298
555	0.1658
556	0.158
557	0.2249
558	0.32
559	0.1914
560	0.2075
561	0.3286
562	0.3276
563	0.3877
564	0.2559
565	0.3385
566	0.2677
567	0.3077
568	0.2612
569	0.2841
570	0.3084
571	0.1857
572	0.344
573	0.2421
574	0.1549
575	0.3797
576	0.2819
577	0.3074
578	0.3345
579	0.1765
580	0.1348
581	0.2461
582	0.2258
583	0.2286
584	0.3219
585	0.1969
586	0.2557
587	0.2425
588	0.2911
589	0.1776
590	0.2631
591	0.1613
592	0.2194
593	0.2619
594	0.2565
595	0.2856
596	0.2931
597	0.2414
598	0.1963
599	0.2675
600	0.219
601	0.3377
602	0.1882
603	0.2822
604	0.1665
605	0.1629
606	0.2417
607	0.2559
608	0.257
609	0.2309
610	0.1543
611	0.2075
612	0.2562
613	0.1635
614	0.2519
615	0.1875
616	0.1592
617	0.1957
618	0.2731
619	0.2521
620	0.2756
621	0.2536
622	0.2515
623	0.2587
624	0.2194
625	0.2966
626	0.2821
627	0.2353
628	0.2042
629	0.03304
630	0.355
631	0.1992
632	0.2094
633	0.179
634	0.2603
635	0.2131
636	0.2813
637	0.1509
638	0.2423
639	0.2644
640	0.2843
641	0.2112
642	0.2697
643	0.3324
644	0.1374
645	0.333
646	0.3132
647	0.2359
648	0.301
649	0.3025
650	0.2182
651	0.2537
652	0.2204
653	0.1923
654	0.2352
655	0.2073
656	0.1387
657	0.2603
658	0.1729
659	0.268
660	0.1752
661	0.2927
662	0.1426
663	0.2018
664	0.2362
665	0.1176
666	0.2567
667	0.3202
668	0.2834
669	0.2256
670	0.2229
671	0.2706
672	0.3431
673	0.2102
674	0.228
675	0.1757
676	0.3387
677	0.2075
678	0.21
679	0.1725
680	0.2908
681	0.2492
682	0.3162
683	0.2118
684	0.2977
685	0.1298
686	0.2117
687	0.2732
688	0.2812
689	0.2883
690	0.08396
691	0.2118
692	0.2606
693	0.1735
694	0.2377
695	0.261
696	0.2331
697	0.2032
698	0.2689
699	0.2762
700	0.2612
701	0.3627
702	0.3545
703	0.2121
704	0.2457
705	0.1587
706	0.1132
707	0.2789
708	0.1692
709	0.2805
710	0.3079
711	0.271
712	0.2285
713	0.223
714	0.2628
715	0.01735
716	0.3206
717	0.1622
718	0.3294
719	0.3689
720	0.305
721	0.3108
722	0.1278
723	0.2829
724	0.256
725	0.2768
726	0.2466
727	0.3171
728	0.2526
729	0.227
730	0.3138
731	0.2365
732	0.3196
733	0.1785
734	0.2311
735	0.1856
736	0.2974
737	0.1779
738	0.2893
739	0.3828
740	0.2011
741	0.31
742	0.3405
743	0.3314
744	0.2197
745	0.07383
746	0.2785
747	0.2126
748	0.3386
749	0.1295
750	0.2756
751	0.2855
752	0.2639
753	0.2334
754	0.32
755	0.325
756	0.1699
757	0.2305
758	0.3241
759	0.2511
760	0.1753
761	0.2239
762	0.2114
763	0.2615
764	0.1997
765	0.2433
766	0.1734
767	0.3507
768	0.2965
769	0.1558
770	0.182
771	0.2535
772	0.1353
773	0.264
774	0.2158
775	0.254
776	0.2823
777	0.2603
778	0.3739
779	0.4694
780	0.2897
781	0.1752
782	0.3015
783	0.3109
784	0.2563
785	0.3249
786	0.2973
787	0.352
788	0.2653
789	0.228
790	0.1773
791	0.1624
792	0.2363
793	0.3974
794	0.3007
795	0.2719
796	0.1227
797	0.2398
798	0.2103
799	0.1014
800	0.1257
801	0.3059
802	0.2064
803	0.2226
804	0.1544
805	0.2222
806	0.1733
807	0.1876
808	0.12
809	0.2417
810	0.2084
811	0.1772
812	0.261
813	0.2506
814	0.1962
815	0.2831
816	0.2448
817	0.2131
818	0.3233
819	0.1358
820	0.3435
821	0.4295
822	0.1383
823	0.1954
824	0.306
825	0.3268
826	0.3173
827	0.1881
828	0.1305
829	0.3397
830	0.3443
831	0.2071
832	0.3197
833	0.251
834	0.1764
835	0.2611
836	0.2368
837	0.2339
838	0.2143
839	0.2815
840	0.2954
841	0.3417
842	0.2331
843	0.29
844	0.2541
845	0.1927
846	0.1796
847	0.1591
848	0.2579
849	0.1222
850	0.3036
851	0.1394
852	0.1889
853	0.3452
854	0.2037
855	0.1338
856	0.3258
857	0.1908
858	0.2625
859	0.2554
860	0.341
861	0.3175
862	0.2735
863	0.1608
864	0.3729
865	0.1957
866	0.299
867	0.2474
868	0.24
869	0.2623
870	0.1119
871	0.2759
872	0.2658
873	0.2079
874	0.3686
875	0.2193
876	0.2706
877	0.2415
878	0.3575
879	0.4099
880	0.3625
881	0.3198
882	0.2384
883	0.3177
884	0.2074
885	0.2107
886	0.1853
887	0.272
888	0.2682
889	0.2342
890	0.3079
891	0.2443
892	0.1791
893	0.2927
894	0.2217
895	0.2869
896	0.2157
897	0.2719
898	0.3538
899	0.1635
900	0.2232
901	0.3175
902	0.2276
903	0.3299
904	0.08952
905	0.132
906	0.2031
907	0.2037
908	0.2596
909	0.2446
910	0.2311
911	0.1481
912	0.3269
913	0.2249
914	0.2509
915	0.2334
916	0.258
917	0.219
918	0.2668
919	0.1382
920	0.1651
921	0.1594
922	0.261
923	0.1298
924	0.2531
925	0.3129
926	0.144
927	0.2149
928	0.2721
929	0.2163
930	0.1464
931	0.268
932	0.2533
933	0.283
934	0.1866
935	0.1298
936	0.2699
937	0.1984
938	0.2718
939	0.2418
940	0.2868
941	0.3521
942	0.4528
943	0.2755
944	0.197
945	0.2162
946	0.1037
947	0.1872
948	0.259
949	0.07838
950	0.1966
951	0.362
952	0.1143
953	0.3935
954	0.232
955	0.2712
956	0.2076
957	0.2368
958	0.1573
959	0.317
960	0.2026
961	0.1822
962	0.3209
963	0.2078
964	0.1804
965	0.2705
966	0.1114
967	0.318
968	0.0833
969	0.1889
970	0.4015
971	0.285
972	0.2192
973	0.293
974	0.3495
975	0.1811
976	0.2305
977	0.2239
978	0.2595
979	0.3087
980	0.1722
981	0.3746
982	0.1685
983	0.2728
984	0.154
985	0.2539
986	0.1617
987	0.163
988	0.1535
989	0.2181
990	0.146
991	0.2424
992	0.1875
993	0.2103
994	0.2289
995	0.3096
996	0.2838
997	0.0958
998	0.147
999	0.236
1000	0.192
201	3169.0
202	3169.0
203	3172.0
204	3172.0
205	3170.0
206	3168.0
207	3172.0
208	3171.0
209	3170.0
210	3170.0
211	3170.0
212	3170.0
213	3170.0
214	3169.0
215	3169.0
216	3172.0
217	3171.0
218	3170.0
219	3172.0
220	3171.0
221	3169.0
222	3170.0
223	3171.0
224	3170.0
225	3170.0
226	3170.0
227	3171.0
228	3173.0
229	3171.0
230	3171.0
231	3171.0
232	3169.0
233	3172.0
234	3173.0
235	3170.0
236	3172.0
237	3171.0
238	3169.0
239	3170.0
240	3171.0
241	3169.0
242	3171.0
243	3170.0
244	3168.0
245	3170.0
246	3166.0
247	3169.0
248	3173.0
249	3170.0
250	3172.0
251	3173.0
252	3170.0
253	3162.0
254	3163.0
255	3159.0
256	3158.0
257	3161.0
258	3158.0
259	3159.0
260	3158.0
261	3158.0
262	3159.0
263	3165.0
264	3160.0
265	3157.0
266	3158.0
267	3160.0
268	3159.0
269	3158.0
270	3159.0
271	3158.0
272	3159.0
273	3160.0
274	3160.0
275	3159.0
276	3158.0
277	3158.0
278	3160.0
279	3158.0
280	3157.0
281	3159.0
282	3160.0
283	3158.0
284	3159.0
285	3159.0
286	3157.0
287	3161.0
288	3160.0
289	3158.0
290	3161.0
291	3159.0
292	3162.0
293	3160.0
294	3159.0
295	3160.0
296	3158.0
297	3158.0
298	3164.0
299	3157.0
300	3159.0
301	3158.0
302	3159.0
303	3158.0
304	3158.0
305	3157.0
306	3158.0
307	3161.0
308	3159.0
309	3158.0
310	3158.0
311	3159.0
312	3158.0
313	3159.0
314	3160.0
315	3158.0
316	3158.0
317	3158.0
318	3159.0
319	3160.0
320	3159.0
321	3158.0
322	3159.0
323	3158.0
324	3157.0
325	3157.0
326	3159.0
327	3160.0
328	3159.0
329	3159.0
330	3158.0
331	3158.0
332	3160.0
333	3163.0
334	3162.0
335	3160.0
336	3161.0
337	3158.0
338	3159.0
339	3158.0
340	3159.0
341	3157.0
342	3159.0
343	3159.0
344	3161.0
345	3160.0
346	3158.0
347	3162.0
348	3158.0
349	3163.0
350	3159.0
351	3163.0
352	3159.0
353	3158.0
354	3157.0
355	3159.0
356	3158.0
357	3162.0
358	3161.0
359	3159.0
360	3160.0
361	3164.0
362	3161.0
363	3159.0
364	3158.0
365	3158.0
366	3161.0
367	3164.0
368	3168.0
369	3163.0
370	3163.0
371	3162.0
372	3159.0
373	3160.0
374	3158.0
375	3159.0
376	3159.0
377	3158.0
378	3160.0
379	3163.0
380	3162.0
381	3159.0
382	3158.0
383	3158.0
384	3158.0
385	3158.0
386	3158.0
387	3159.0
388	3159.0
389	3168.0
390	3161.0
391	3164.0
392	3159.0
393	3162.0
394	3158.0
395	3158.0
396	3161.0
397	3159.0
398	3158.0
399	3159.0
400	3159.0
401	3160.0
402	3159.0
403	3158.0
404	3159.0
405	3159.0
406	3158.0
407	3158.0
408	3158.0
409	3161.0
410	3160.0
411	3160.0
412	3160.0
413	3160.0
414	3162.0
415	3159.0
416	3158.0
417	3158.0
418	3158.0
419	3159.0
420	3157.0
421	3157.0
422	3159.0
423	3162.0
424	3158.0
425	3158.0
426	3162.0
427	3158.0
428	3157.0
429	3160.0
430	3162.0
431	3160.0
432	3161.0
433	3159.0
434	3160.0
435	3161.0
436	3159.0
437	3158.0
438	3158.0
439	3158.0
440	3160.0
441	3157.0
442	3158.0
443	3159.0
444	3160.0
445	3160.0
446	3159.0
447	3161.0
448	3158.0
449	3157.0
450	3160.0
451	3158.0
452	3159.0
453	3158.0
454	3159.0
455	3160.0
456	3159.0
457	3158.0
458	3159.0
459	3158.0
460	3160.0
461	3158.0
462	3157.0
463	3159.0
464	3160.0
465	3162.0
466	3162.0
467	3161.0
468	3158.0
469	3160.0
470	3162.0
471	3158.0
472	3159.0
473	3158.0
474	3158.0
475	3163.0
476	3158.0
477	3158.0
478	3158.0
479	3159.0
480	3160.0
481	3164.0
482	3162.0
483	3162.0
484	3159.0
485	3159.0
486	3158.0
487	3158.0
488	3162.0
489	3160.0
490	3160.0
491	3158.0
492	3159.0
493	3160.0
494	3164.0
495	3159.0
496	3158.0
497	3157.0
498	3158.0
499	3159.0
500	3160.0
501	3158.0
502	3162.0
503	3159.0
504	3160.0
505	3161.0
506	3160.0
507	3158.0
508	3159.0
509	3159.0
510	3160.0
511	3161.0
512	3161.0
513	3161.0
514	3158.0
515	3157.0
516	3158.0
517	3159.0
518	3160.0
519	3156.0
520	3156.0
521	3158.0
522	3156.0
523	3156.0
524	3156.0
525	3158.0
526	3158.0
527	3159.0
528	3157.0
529	3156.0
530	3157.0
531	3162.0
532	3161.0
533	3158.0
534	3160.0
535	3157.0
536	3158.0
537	3156.0
538	3157.0
539	3160.0
540	3164.0
541	3158.0
542	3157.0
543	3159.0
544	3158.0
545	3159.0
546	3158.0
547	3163.0
548	3160.0
549	3164.0
550	3159.0
551	3159.0
552	3159.0
553	3158.0
554	3161.0
555	3160.0
556	3165.0
557	3163.0
558	3166.0
559	3164.0
560	3162.0
561	3165.0
562	3165.0
563	3169.0
564	3166.0
565	3163.0
566	3158.0
567	3159.0
568	3158.0
569	3158.0
570	3158.0
571	3159.0
572	3161.0
573	3158.0
574	3160.0
575	3162.0
576	3159.0
577	3159.0
578	3160.0
579	3160.0
580	3161.0
581	3158.0
582	3159.0
583	3158.0
584	3160.0
585	3161.0
586	3158.0
587	3158.0
588	3158.0
589	3160.0
590	3159.0
591	3160.0
592	3158.0
593	3158.0
594	3162.0
595	3162.0
596	3167.0
597	3160.0
598	3158.0
599	3158.0
600	3160.0
601	3162.0
602	3160.0
603	3161.0
604	3163.0
605	3162.0
606	3160.0
607	3160.0
608	3159.0
609	3159.0
610	3161.0
611	3158.0
612	3159.0
613	3160.0
614	3158.0
615	3159.0
616	3160.0
617	3159.0
618	3158.0
619	3157.0
620	3158.0
621	3158.0
622	3158.0
623	3159.0
624	3160.0
625	3158.0
626	3158.0
627	3158.0
628	3159.0
629	3168.0
630	3161.0
631	3161.0
632	3160.0
633	3161.0
634	3161.0
635	3160.0
636	3160.0
637	3161.0
638	3160.0
639	3159.0
640	3158.0
641	3158.0
642	3157.0
643	3160.0
644	3161.0
645	3159.0
646	3160.0
647	3160.0
648	3162.0
649	3162.0
650	3159.0
651	3159.0
652	3159.0
653	3159.0
654	3158.0
655	3158.0
656	3160.0
657	3159.0
658	3161.0
659	3159.0
660	3161.0
661	3161.0
662	3162.0
663	3162.0
664	3158.0
665	3162.0
666	3160.0
667	3159.0
668	3160.0
669	3159.0
670	3160.0
671	3160.0
672	3161.0
673	3159.0
674	3158.0
675	3160.0
676	3161.0
677	3158.0
678	3158.0
679	3159.0
680	3160.0
681	3158.0
682	3159.0
683	3159.0
684	3160.0
685	3161.0
686	3158.0
687	3160.0
688	3160.0
689	3158.0
690	3162.0
691	3158.0
692	3158.0
693	3159.0
694	3158.0
695	3157.0
696	3158.0
697	3158.0
698	3158.0
699	3158.0
700	3158.0
701	3160.0
702	3160.0
703	3158.0
704	3159.0
705	3160.0
706	3162.0
707	3158.0
708	3159.0
709	3158.0
710	3159.0
711	3159.0
712	3158.0
713	3158.0
714	3158.0
715	3169.0
716	3159.0
717	3159.0
718	3159.0
719	3161.0
720	3158.0
721	3159.0
722	3161.0
723	3158.0
724	3158.0
725	3159.0
726	3158.0
727	3159.0
728	3158.0
729	3158.0
730	3159.0
731	3158.0
732	3159.0
733	3159.0
734	3158.0
735	3159.0
736	3159.0
737	3160.0
738	3158.0
739	3162.0
740	3159.0
741	3159.0
742	3161.0
743	3161.0
744	3158.0
745	3163.0
746	3159.0
747	3159.0
748	3159.0
749	3161.0
750	3158.0
751	3159.0
752	3159.0
753	3159.0
754	3159.0
755	3162.0
756	3162.0
757	3158.0
758	3160.0
759	3159.0
760	3159.0
761	3158.0
762	3159.0
763	3160.0
764	3163.0
765	3160.0
766	3162.0
767	3164.0
768	3161.0
769	3161.0
770	3160.0
771	3161.0
772	3161.0
773	3160.0
774	3159.0
775	3163.0
776	3162.0
777	3158.0
778	3161.0
779	3168.0
780	3158.0
781	3161.0
782	3161.0
783	3159.0
784	3158.0
785	3159.0
786	3158.0
787	3160.0
788	3158.0
789	3158.0
790	3158.0
791	3161.0
792	3159.0
793	3164.0
794	3159.0
795	3158.0
796	3161.0
797	3157.0
798	3158.0
799	3164.0
800	3162.0
801	3158.0
802	3160.0
803	3160.0
804	3163.0
805	3156.0
806	3158.0
807	3156.0
808	3157.0
809	3156.0
810	3157.0
811	3159.0
812	3158.0
813	3158.0
814	3158.0
815	3158.0
816	3157.0
817	3158.0
818	3159.0
819	3160.0
820	3160.0
821	3165.0
822	3160.0
823	3159.0
824	3159.0
825	3159.0
826	3159.0
827	3159.0
828	3160.0
829	3160.0
830	3160.0
831	3158.0
832	3159.0
833	3158.0
834	3163.0
835	3157.0
836	3157.0
837	3160.0
838	3158.0
839	3158.0
840	3162.0
841	3164.0
842	3161.0
843	3159.0
844	3158.0
845	3159.0
846	3158.0
847	3160.0
848	3158.0
849	3161.0
850	3160.0
851	3160.0
852	3159.0
853	3160.0
854	3158.0
855	3160.0
856	3159.0
857	3158.0
858	3158.0
859	3158.0
860	3161.0
861	3160.0
862	3159.0
863	3160.0
864	3161.0
865	3159.0
866	3158.0
867	3159.0
868	3158.0
869	3159.0
870	3162.0
871	3159.0
872	3160.0
873	3161.0
874	3161.0
875	3157.0
876	3158.0
877	3158.0
878	3160.0
879	3163.0
880	3161.0
881	3159.0
882	3158.0
883	3159.0
884	3159.0
885	3158.0
886	3158.0
887	3158.0
888	3158.0
889	3157.0
890	3159.0
891	3158.0
892	3159.0
893	3158.0
894	3157.0
895	3158.0
896	3159.0
897	3158.0
898	3160.0
899	3159.0
900	3158.0
901	3159.0
902	3158.0
903	3160.0
904	3163.0
905	3161.0
906	3158.0
907	3158.0
908	3158.0
909	3158.0
910	3160.0
911	3159.0
912	3159.0
913	3158.0
914	3158.0
915	3158.0
916	3158.0
917	3158.0
918	3159.0
919	3162.0
920	3158.0
921	3162.0
922	3161.0
923	3162.0
924	3159.0
925	3160.0
926	3165.0
927	3160.0
928	3158.0
929	3159.0
930	3160.0
931	3160.0
932	3161.0
933	3159.0
934	3158.0
935	3164.0
936	3163.0
937	3159.0
938	3158.0
939	3159.0
940	3159.0
941	3160.0
942	3166.0
943	3158.0
944	3158.0
945	3157.0
946	3163.0
947	3158.0
948	3161.0
949	3165.0
950	3159.0
951	3161.0
952	3162.0
953	3162.0
954	3157.0
955	3159.0
956	3157.0
957	3157.0
958	3160.0
959	3159.0
960	3159.0
961	3159.0
962	3159.0
963	3158.0
964	3159.0
965	3158.0
966	3162.0
967	3160.0
968	3163.0
969	3159.0
970	3164.0
971	3158.0
972	3158.0
973	3158.0
974	3160.0
975	3158.0
976	3158.0
977	3158.0
978	3157.0
979	3158.0
980	3164.0
981	3162.0
982	3156.0
983	3157.0
984	3158.0
985	3157.0
986	3156.0
987	3156.0
988	3157.0
989	3156.0
990	3156.0
991	3156.0
992	3156.0
993	3156.0
994	3157.0
995	3159.0
996	3157.0
997	3158.0
998	3157.0
999	3157.0
1000	3158.0
201	0.0
202	0.0
203	0.0
204	0.0
205	0.0
206	0.0
207	0.0
208	0.0
209	0.0
210	0.0
211	0.0
212	0.0
213	0.0
214	0.0
215	0.0
216	0.0
217	0.0
218	0.0
219	0.0
220	0.0
221	0.0
222	0.0
223	0.0
224	0.0
225	0.0
226	0.0
227	0.0
228	0.0
229	0.0
230	0.0
231	0.0
232	0.0
233	0.0
234	0.0
235	0.0
236	0.0
237	0.0
238	0.0
239	0.0
240	0.0
241	0.0
242	0.0
243	0.0
244	0.0
245	0.0
246	0.0
247	0.0
248	0.0
249	0.0
250	0.0
251	0.0
252	0.0
253	0.0
254	0.0
255	0.0
256	0.0
257	0.0
258	0.0
259	0.0
260	0.0
261	0.0
262	0.0
263	0.0
264	0.0
265	0.0
266	0.0
267	0.0
268	0.0
269	0.0
270	0.0
271	0.0
272	0.0
273	0.0
274	0.0
275	0.0
276	0.0
277	0.0
278	0.0
279	0.0
280	0.0
281	0.0
282	0.0
283	0.0
284	0.0
285	0.0
286	0.0
287	0.0
288	0.0
289	0.0
290	0.0
291	0.0
292	0.0
293	0.0
294	0.0
295	0.0
296	0.0
297	0.0
298	0.0
299	0.0
300	0.0
301	0.0
302	0.0
303	0.0
304	0.0
305	0.0
306	0.0
307	0.0
308	0.0
309	0.0
310	0.0
311	0.0
312	0.0
313	0.0
314	0.0
315	0.0
316	0.0
317	0.0
318	0.0
319	0.0
320	0.0
321	0.0
322	0.0
323	0.0
324	0.0
325	0.0
326	0.0
327	0.0
328	0.0
329	0.0
330	0.0
331	0.0
332	0.0
333	0.0
334	0.0
335	0.0
336	0.0
337	0.0
338	0.0
339	0.0
340	0.0
341	0.0
342	0.0
343	0.0
344	0.0
345	0.0
346	0.0
347	0.0
348	0.0
349	0.0
350	0.0
351	0.0
352	0.0
353	0.0
354	0.0
355	0.0
356	0.0
357	0.0
358	0.0
359	0.0
360	0.0
361	0.0
362	0.0
363	0.0
364	0.0
365	0.0
366	0.0
367	0.0
368	0.0
369	0.0
370	0.0
371	0.0
372	0.0
373	0.0
374	0.0
375	0.0
376	0.0
377	0.0
378	0.0
379	0.0
380	0.0
381	0.0
382	0.0
383	0.0
384	0.0
385	0.0
386	0.0
387	0.0
388	0.0
389	0.0
390	0.0
391	0.0
392	0.0
393	0.0
394	0.0
395	0.0
396	0.0
397	0.0
398	0.0
399	0.0
400	0.0
401	0.0
402	0.0
403	0.0
404	0.0
405	0.0
406	0.0
407	0.0
408	0.0
409	0.0
410	0.0
411	0.0
412	0.0
413	0.0
414	0.0
415	0.0
416	0.0
417	0.0
418	0.0
419	0.0
420	0.0
421	0.0
422	0.0
423	0.0
424	0.0
425	0.0
426	0.0
427	0.0
428	0.0
429	0.0
430	0.0
431	0.0
432	0.0
433	0.0
434	0.0
435	0.0
436	0.0
437	0.0
438	0.0
439	0.0
440	0.0
441	0.0
442	0.0
443	0.0
444	0.0
445	0.0
446	0.0
447	0.0
448	0.0
449	0.0
450	0.0
451	0.0
452	0.0
453	0.0
454	0.0
455	0.0
456	0.0
457	0.0
458	0.0
459	0.0
460	0.0
461	0.0
462	0.0
463	0.0
464	0.0
465	0.0
466	0.0
467	0.0
468	0.0
469	0.0
470	0.0
471	0.0
472	0.0
473	0.0
474	0.0
475	0.0
476	0.0
477	0.0
478	0.0
479	0.0
480	0.0
481	0.0
482	0.0
483	0.0
484	0.0
485	0.0
486	0.0
487	0.0
488	0.0
489	0.0
490	0.0
491	0.0
492	0.0
493	0.0
494	0.0
495	0.0
496	0.0
497	0.0
498	0.0
499	0.0
500	0.0
501	0.0
502	0.0
503	0.0
504	0.0
505	0.0
506	0.0
507	0.0
508	0.0
509	0.0
510	0.0
511	0.0
512	0.0
513	0.0
514	0.0
515	0.0
516	0.0
517	0.0
518	1.0
519	1.0
520	1.0
521	1.0
522	1.0
523	1.0
524	1.0
525	1.0
526	1.0
527	1.0
528	1.0
529	1.0
530	1.0
531	1.0
532	1.0
533	1.0
534	1.0
535	1.0
536	1.0
537	1.0
538	1.0
539	1.0
540	1.0
541	1.0
542	1.0
543	1.0
544	0.0
545	0.0
546	0.0
547	0.0
548	0.0
549	0.0
550	0.0
551	0.0
552	0.0
553	0.0
554	0.0
555	0.0
556	0.0
557	0.0
558	0.0
559	0.0
560	0.0
561	0.0
562	0.0
563	0.0
564	0.0
565	0.0
566	0.0
567	0.0
568	0.0
569	0.0
570	0.0
571	0.0
572	0.0
573	0.0
574	0.0
575	0.0
576	0.0
577	0.0
578	0.0
579	0.0
580	0.0
581	0.0
582	0.0
583	0.0
584	0.0
585	0.0
586	0.0
587	0.0
588	0.0
589	0.0
590	0.0
591	0.0
592	0.0
593	0.0
594	0.0
595	0.0
596	0.0
597	0.0
598	0.0
599	0.0
600	0.0
601	0.0
602	0.0
603	0.0
604	0.0
605	0.0
606	0.0
607	0.0
608	0.0
609	0.0
610	0.0
611	0.0
612	0.0
613	0.0
614	0.0
615	0.0
616	0.0
617	0.0
618	0.0
619	0.0
620	0.0
621	0.0
622	0.0
623	0.0
624	0.0
625	0.0
626	0.0
627	0.0
628	0.0
629	0.0
630	0.0
631	0.0
632	0.0
633	0.0
634	0.0
635	0.0
636	0.0
637	0.0
638	0.0
639	0.0
640	0.0
641	0.0
642	0.0
643	0.0
644	0.0
645	0.0
646	0.0
647	0.0
648	0.0
649	0.0
650	0.0
651	0.0
652	0.0
653	0.0
654	0.0
655	0.0
656	0.0
657	0.0
658	0.0
659	0.0
660	0.0
661	0.0
662	0.0
663	0.0
664	0.0
665	0.0
666	0.0
667	0.0
668	0.0
669	0.0
670	0.0
671	0.0
672	0.0
673	0.0
674	0.0
675	0.0
676	0.0
677	0.0
678	0.0
679	0.0
680	0.0
681	0.0
682	0.0
683	0.0
684	0.0
685	0.0
686	0.0
687	0.0
688	0.0
689	0.0
690	0.0
691	0.0
692	0.0
693	0.0
694	0.0
695	0.0
696	0.0
697	0.0
698	0.0
699	0.0
700	0.0
701	0.0
702	0.0
703	0.0
704	0.0
705	0.0
706	0.0
707	0.0
708	0.0
709	0.0
710	0.0
711	0.0
712	0.0
713	0.0
714	0.0
715	0.0
716	0.0
717	0.0
718	0.0
719	0.0
720	0.0
721	0.0
722	0.0
723	0.0
724	0.0
725	0.0
726	0.0
727	0.0
728	0.0
729	0.0
730	0.0
731	0.0
732	0.0
733	0.0
734	0.0
735	0.0
736	0.0
737	0.0
738	0.0
739	0.0
740	0.0
741	0.0
742	0.0
743	0.0
744	0.0
745	0.0
746	0.0
747	0.0
748	0.0
749	0.0
750	0.0
751	0.0
752	0.0
753	0.0
754	0.0
755	0.0
756	0.0
757	0.0
758	0.0
759	0.0
760	0.0
761	0.0
762	0.0
763	0.0
764	0.0
765	0.0
766	0.0
767	0.0
768	0.0
769	0.0
770	0.0
771	0.0
772	0.0
773	0.0
774	0.0
775	0.0
776	0.0
777	0.0
778	0.0
779	0.0
780	0.0
781	0.0
782	0.0
783	0.0
784	0.0
785	0.0
786	0.0
787	0.0
788	0.0
789	0.0
790	0.0
791	0.0
792	0.0
793	0.0
794	0.0
795	0.0
796	0.0
797	0.0
798	0.0
799	0.0
800	0.0
801	0.0
802	0.0
803	0.0
804	1.0
805	1.0
806	1.0
807	1.0
808	1.0
809	1.0
810	0.0
811	0.0
812	0.0
813	0.0
814	0.0
815	0.0
816	0.0
817	0.0
818	0.0
819	0.0
820	0.0
821	0.0
822	0.0
823	0.0
824	0.0
825	0.0
826	0.0
827	0.0
828	0.0
829	0.0
830	0.0
831	0.0
832	0.0
833	0.0
834	0.0
835	0.0
836	0.0
837	0.0
838	0.0
839	0.0
840	0.0
841	0.0
842	0.0
843	0.0
844	0.0
845	0.0
846	0.0
847	0.0
848	0.0
849	0.0
850	0.0
851	0.0
852	0.0
853	0.0
854	0.0
855	0.0
856	0.0
857	0.0
858	0.0
859	0.0
860	0.0
861	0.0
862	0.0
863	0.0
864	0.0
865	0.0
866	0.0
867	0.0
868	0.0
869	0.0
870	0.0
871	0.0
872	0.0
873	0.0
874	0.0
875	0.0
876	0.0
877	0.0
878	0.0
879	0.0
880	0.0
881	0.0
882	0.0
883	0.0
884	0.0
885	0.0
886	0.0
887	0.0
888	0.0
889	0.0
890	0.0
891	0.0
892	0.0
893	0.0
894	0.0
895	0.0
896	0.0
897	0.0
898	0.0
899	0.0
900	0.0
901	0.0
902	0.0
903	0.0
904	0.0
905	0.0
906	0.0
907	0.0
908	0.0
909	0.0
910	0.0
911	0.0
912	0.0
913	0.0
914	0.0
915	0.0
916	0.0
917	0.0
918	0.0
919	0.0
920	0.0
921	0.0
922	0.0
923	0.0
924	0.0
925	0.0
926	0.0
927	0.0
928	0.0
929	0.0
930	0.0
931	0.0
932	0.0
933	0.0
934	0.0
935	0.0
936	0.0
937	0.0
938	0.0
939	0.0
940	0.0
941	0.0
942	0.0
943	0.0
944	0.0
945	0.0
946	0.0
947	0.0
948	0.0
949	0.0
950	0.0
951	0.0
952	0.0
953	0.0
954	0.0
955	0.0
956	0.0
957	0.0
958	0.0
959	0.0
960	0.0
961	0.0
962	0.0
963	0.0
964	0.0
965	0.0
966	0.0
967	0.0
968	0.0
969	0.0
970	0.0
971	0.0
972	0.0
973	0.0
974	0.0
975	0.0
976	0.0
977	0.0
978	1.0
979	1.0
980	1.0
981	1.0
982	1.0
983	1.0
984	1.0
985	1.0
986	1.0
987	1.0
988	1.0
989	1.0
990	1.0
991	1.0
992	1.0
993	1.0
994	1.0
995	1.0
996	1.0
997	1.0
998	1.0
999	1.0
1000	1.0
201	0.0
202	0.0
203	0.0
204	0.0
205	0.0
206	0.0
207	0.0
208	0.0
209	0.0
210	0.0
211	0.0
212	0.0
213	0.0
214	0.0
215	0.0
216	0.0
217	0.0
218	0.0
219	0.0
220	0.0
221	0.0
222	0.0
223	0.0
224	0.0
225	0.0
226	0.0
227	0.0
228	0.0
229	0.0
230	0.0
231	0.0
232	0.0
233	0.0
234	0.0
235	0.0
236	0.0
237	0.0
238	0.0
239	0.0
240	0.0
241	0.0
242	0.0
243	0.0
244	0.0
245	0.0
246	0.0
247	0.0
248	0.0
249	0.0
250	0.0
251	0.0
252	1.0
253	1.0
254	1.0
255	1.0
256	1.0
257	1.0
258	1.0
259	1.0
260	1.0
261	1.0
262	1.0
263	1.0
264	1.0
265	1.0
266	1.0
267	1.0
268	1.0
269	1.0
270	1.0
271	1.0
272	1.0
273	1.0
274	1.0
275	1.0
276	1.0
277	1.0
278	1.0
279	1.0
280	1.0
281	1.0
282	1.0
283	1.0
284	1.0
285	1.0
286	1.0
287	1.0
288	1.0
289	1.0
290	1.0
291	1.0
292	1.0
293	1.0
294	1.0
295	1.0
296	1.0
297	1.0
298	1.0
299	1.0
300	1.0
301	1.0
302	1.0
303	1.0
304	1.0
305	1.0
306	1.0
307	1.0
308	1.0
309	1.0
310	1.0
311	1.0
312	1.0
313	1.0
314	1.0
315	1.0
316	1.0
317	1.0
318	1.0
319	1.0
320	1.0
321	1.0
322	1.0
323	1.0
324	1.0
325	1.0
326	1.0
327	1.0
328	1.0
329	1.0
330	1.0
331	1.0
332	1.0
333	1.0
334	1.0
335	1.0
336	1.0
337	1.0
338	1.0
339	1.0
340	1.0
341	1.0
342	1.0
343	1.0
344	1.0
345	1.0
346	1.0
347	1.0
348	1.0
349	1.0
350	1.0
351	1.0
352	1.0
353	1.0
354	1.0
355	1.0
356	1.0
357	1.0
358	1.0
359	1.0
360	1.0
361	1.0
362	1.0
363	1.0
364	1.0
365	1.0
366	1.0
367	1.0
368	1.0
369	1.0
370	1.0
371	1.0
372	1.0
373	1.0
374	1.0
375	1.0
376	1.0
377	1.0
378	1.0
379	1.0
380	1.0
381	1.0
382	1.0
383	1.0
384	1.0
385	1.0
386	1.0
387	1.0
388	1.0
389	1.0
390	1.0
391	1.0
392	1.0
393	1.0
394	1.0
395	1.0
396	1.0
397	1.0
398	1.0
399	1.0
400	1.0
401	1.0
402	1.0
403	1.0
404	1.0
405	1.0
406	1.0
407	1.0
408	1.0
409	1.0
410	1.0
411	1.0
412	1.0
413	1.0
414	1.0
415	1.0
416	1.0
417	1.0
418	1.0
419	1.0
420	1.0
421	1.0
422	1.0
423	1.0
424	1.0
425	1.0
426	1.0
427	1.0
428	1.0
429	1.0
430	1.0
431	1.0
432	1.0
433	1.0
434	1.0
435	1.0
436	1.0
437	1.0
438	1.0
439	1.0
440	1.0
441	1.0
442	1.0
443	1.0
444	1.0
445	1.0
446	1.0
447	1.0
448	1.0
449	1.0
450	1.0
451	1.0
452	1.0
453	1.0
454	1.0
455	1.0
456	1.0
457	1.0
458	1.0
459	1.0
460	1.0
461	1.0
462	1.0
463	1.0
464	1.0
465	1.0
466	1.0
467	1.0
468	1.0
469	1.0
470	1.0
471	1.0
472	1.0
473	1.0
474	1.0
475	1.0
476	1.0
477	1.0
478	1.0
479	1.0
480	1.0
481	1.0
482	1.0
483	1.0
484	1.0
485	1.0
486	1.0
487	1.0
488	1.0
489	1.0
490	1.0
491	1.0
492	1.0
493	1.0
494	1.0
495	1.0
496	1.0
497	1.0
498	1.0
499	1.0
500	1.0
501	1.0
502	1.0
503	1.0
504	1.0
505	1.0
506	1.0
507	1.0
508	1.0
509	1.0
510	1.0
511	1.0
512	1.0
513	1.0
514	1.0
515	1.0
516	1.0
517	1.0
518	1.0
519	1.0
520	1.0
521	1.0
522	1.0
523	1.0
524	1.0
525	1.0
526	1.0
527	1.0
528	1.0
529	1.0
530	1.0
531	1.0
532	1.0
533	1.0
534	1.0
535	1.0
536	1.0
537	1.0
538	1.0
539	1.0
540	1.0
541	1.0
542	1.0
543	1.0
544	1.0
545	1.0
546	1.0
547	1.0
548	1.0
549	1.0
550	1.0
551	1.0
552	1.0
553	1.0
554	1.0
555	1.0
556	1.0
557	1.0
558	1.0
559	1.0
560	1.0
561	1.0
562	1.0
563	1.0
564	1.0
565	1.0
566	1.0
567	1.0
568	1.0
569	1.0
570	1.0
571	1.0
572	1.0
573	1.0
574	1.0
575	1.0
576	1.0
577	1.0
578	1.0
579	1.0
580	1.0
581	1.0
582	1.0
583	1.0
584	1.0
585	1.0
586	1.0
587	1.0
588	1.0
589	1.0
590	1.0
591	1.0
592	1.0
593	1.0
594	1.0
595	1.0
596	1.0
597	1.0
598	1.0
599	1.0
600	1.0
601	1.0
602	1.0
603	1.0
604	1.0
605	1.0
606	1.0
607	1.0
608	1.0
609	1.0
610	1.0
611	1.0
612	1.0
613	1.0
614	1.0
615	1.0
616	1.0
617	1.0
618	1.0
619	1.0
620	1.0
621	1.0
622	1.0
623	1.0
624	1.0
625	1.0
626	1.0
627	1.0
628	1.0
629	1.0
630	1.0
631	1.0
632	1.0
633	1.0
634	1.0
635	1.0
636	1.0
637	1.0
638	1.0
639	1.0
640	1.0
641	1.0
642	1.0
643	1.0
644	1.0
645	1.0
646	1.0
647	1.0
648	1.0
649	1.0
650	1.0
651	1.0
652	1.0
653	1.0
654	1.0
655	1.0
656	1.0
657	1.0
658	1.0
659	1.0
660	1.0
661	1.0
662	1.0
663	1.0
664	1.0
665	1.0
666	1.0
667	1.0
668	1.0
669	1.0
670	1.0
671	1.0
672	1.0
673	1.0
674	1.0
675	1.0
676	1.0
677	1.0
678	1.0
679	1.0
680	1.0
681	1.0
682	1.0
683	1.0
684	1.0
685	1.0
686	1.0
687	1.0
688	1.0
689	1.0
690	1.0
691	1.0
692	1.0
693	1.0
694	1.0
695	1.0
696	1.0
697	1.0
698	1.0
699	1.0
700	1.0
701	1.0
702	1.0
703	1.0
704	1.0
705	1.0
706	1.0
707	1.0
708	1.0
709	1.0
710	1.0
711	1.0
712	1.0
713	1.0
714	1.0
715	1.0
716	1.0
717	1.0
718	1.0
719	1.0
720	1.0
721	1.0
722	1.0
723	1.0
724	1.0
725	1.0
726	1.0
727	1.0
728	1.0
729	1.0
730	1.0
731	1.0
732	1.0
733	1.0
734	1.0
735	1.0
736	1.0
737	1.0
738	1.0
739	1.0
740	1.0
741	1.0
742	1.0
743	1.0
744	1.0
745	1.0
746	1.0
747	1.0
748	1.0
749	1.0
750	1.0
751	1.0
752	1.0
753	1.0
754	1.0
755	1.0
756	1.0
757	1.0
758	1.0
759	1.0
760	1.0
761	1.0
762	1.0
763	1.0
764	1.0
765	1.0
766	1.0
767	1.0
768	1.0
769	1.0
770	1.0
771	1.0
772	1.0
773	1.0
774	1.0
775	1.0
776	1.0
777	1.0
778	1.0
779	1.0
780	1.0
781	1.0
782	1.0
783	1.0
784	1.0
785	1.0
786	1.0
787	1.0
788	1.0
789	1.0
790	1.0
791	1.0
792	1.0
793	1.0
794	1.0
795	1.0
796	1.0
797	1.0
798	1.0
799	1.0
800	1.0
801	1.0
802	1.0
803	1.0
804	1.0
805	1.0
806	1.0
807	1.0
808	1.0
809	1.0
810	1.0
811	1.0
812	1.0
813	1.0
814	1.0
815	1.0
816	1.0
817	1.0
818	1.0
819	1.0
820	1.0
821	1.0
822	1.0
823	1.0
824	1.0
825	1.0
826	1.0
827	1.0
828	1.0
829	1.0
830	1.0
831	1.0
832	1.0
833	1.0
834	1.0
835	1.0
836	1.0
837	1.0
838	1.0
839	1.0
840	1.0
841	1.0
842	1.0
843	1.0
844	1.0
845	1.0
846	1.0
847	1.0
848	1.0
849	1.0
850	1.0
851	1.0
852	1.0
853	1.0
854	1.0
855	1.0
856	1.0
857	1.0
858	1.0
859	1.0
860	1.0
861	1.0
862	1.0
863	1.0
864	1.0
865	1.0
866	1.0
867	1.0
868	1.0
869	1.0
870	1.0
871	1.0
872	1.0
873	1.0
874	1.0
875	1.0
876	1.0
877	1.0
878	1.0
879	1.0
880	1.0
881	1.0
882	1.0
883	1.0
884	1.0
885	1.0
886	1.0
887	1.0
888	1.0
889	1.0
890	1.0
891	1.0
892	1.0
893	1.0
894	1.0
895	1.0
896	1.0
897	1.0
898	1.0
899	1.0
900	1.0
901	1.0
902	1.0
903	1.0
904	1.0
905	1.0
906	1.0
907	1.0
908	1.0
909	1.0
910	1.0
911	1.0
912	1.0
913	1.0
914	1.0
915	1.0
916	1.0
917	1.0
918	1.0
919	1.0
920	1.0
921	1.0
922	1.0
923	1.0
924	1.0
925	1.0
926	1.0
927	1.0
928	1.0
929	1.0
930	1.0
931	1.0
932	1.0
933	1.0
934	1.0
935	1.0
936	1.0
937	1.0
938	1.0
939	1.0
940	1.0
941	1.0
942	1.0
943	1.0
944	1.0
945	1.0
946	1.0
947	1.0
948	1.0
949	1.0
950	1.0
951	1.0
952	1.0
953	1.0
954	1.0
955	1.0
956	1.0
957	1.0
958	1.0
959	1.0
960	1.0
961	1.0
962	1.0
963	1.0
964	1.0
965	1.0
966	1.0
967	1.0
968	1.0
969	1.0
970	1.0
971	1.0
972	1.0
973	1.0
974	1.0
975	1.0
976	1.0
977	1.0
978	1.0
979	1.0
980	1.0
981	1.0
982	1.0
983	1.0
984	1.0
985	1.0
986	1.0
987	1.0
988	1.0
989	1.0
990	1.0
991	1.0
992	1.0
993	1.0
994	1.0
995	1.0
996	1.0
997	1.0
998	1.0
999	1.0
1000	1.0
201	0.7087
202	0.3439
203	0.2106
204	0.114
205	0.1178
206	0.2915
207	0.0395
208	0.07516
209	0.4779
210	0.1525
211	0.6898
212	0.4789
213	0.1674
214	0.2715
215	0.2949
216	0.2577
217	0.1334
218	0.2911
219	0.3224
220	0.5417
221	0.09193
222	0.631
223	0.5841
224	0.568
225	0.5906
226	0.741
227	0.1373
228	0.647
229	0.005048
230	0.06765
231	0.5702
232	0.7518
233	0.7536
234	0.9736
235	0.3467
236	0.7894
237	0.7299
238	0.0868
239	0.3711
240	0.1889
241	0.7037
242	0.2978
243	0.2886
244	0.3626
245	0.3652
246	0.5139
247	0.1773
248	0.1132
249	0.5522
250	0.8043
251	0.8769
252	0.7427
253	0.6154
254	0.3768
255	0.8235
256	0.9738
257	0.5403
258	0.2889
259	0.9653
260	0.7157
261	0.8718
262	0.2401
263	0.1153
264	0.5494
265	0.779
266	0.3445
267	0.892
268	0.5057
269	0.3289
270	0.2484
271	0.5625
272	0.9972
273	0.6489
274	0.5154
275	0.3958
276	0.273
277	0.1066
278	0.1173
279	0.4197
280	0.7399
281	0.5926
282	0.9604
283	0.6204
284	0.4265
285	0.1474
286	0.07357
287	0.7574
288	0.4003
289	0.01099
290	0.01602
291	0.2007
292	0.6349
293	0.9321
294	0.2388
295	0.3209
296	0.3519
297	0.3343
298	0.5901
299	0.8843
300	0.3407
301	0.1267
302	0.4261
303	0.3505
304	0.2312
305	0.2877
306	0.6173
307	0.377
308	0.1426
309	0.5338
310	0.177
311	0.4266
312	0.971
313	0.3382
314	0.6694
315	0.8611
316	0.9271
317	0.2928
318	0.3916
319	0.4183
320	0.2155
321	0.5176
322	0.3257
323	0.8926
324	0.2199
325	0.8407
326	0.7156
327	0.7853
328	0.5194
329	0.5632
330	0.09931
331	0.4073
332	0.1896
333	0.8019
334	0.1005
335	0.3727
336	0.0965
337	0.0285
338	0.6333
339	0.5281
340	0.6256
341	0.8831
342	0.438
343	0.01729
344	0.1808
345	0.8863
346	0.3395
347	0.06961
348	0.715
349	0.4628
350	0.4871
351	0.7295
352	0.5891
353	0.6528
354	0.2978
355	0.1323
356	0.8092
357	0.2877
358	0.02384
359	0.2522
360	0.09612
361	0.8006
362	0.7426
363	0.3197
364	0.2631
365	0.7551
366	0.1778
367	0.4257
368	0.08008
369	0.09023
370	0.2683
371	0.2289
372	0.5556
373	0.1213
374	0.6951
375	0.4134
376	0.134
377	3.699E-4
378	0.4659
379	0.2648
380	0.4553
381	0.7914
382	0.8477
383	0.3534
384	0.6689
385	0.1197
386	0.2641
387	0.101
388	0.3528
389	0.071
390	0.3545
391	0.006601
392	0.2886
393	0.6599
394	0.1683
395	0.7373
396	0.3804
397	0.2732
398	0.6389
399	0.4653
400	0.07926
401	0.4748
402	0.2874
403	0.3673
404	0.1717
405	0.8081
406	0.463
407	0.7698
408	0.6578
409	0.428
410	0.6285
411	0.8498
412	0.1794
413	0.1641
414	0.2393
415	0.2429
416	0.7829
417	0.6527
418	0.155
419	0.1096
420	0.9356
421	0.8388
422	0.2525
423	0.4112
424	0.7243
425	0.8834
426	0.7268
427	0.1404
428	0.7466
429	0.4679
430	0.4631
431	0.7545
432	0.1301
433	0.06457
434	0.05589
435	0.9382
436	0.9502
437	0.8696
438	0.5883
439	0.8097
440	0.7561
441	0.8281
442	0.448
443	0.1765
444	0.4969
445	0.7226
446	0.03915
447	0.7393
448	0.4149
449	0.4342
450	0.8438
451	0.08463
452	0.3913
453	0.7656
454	0.1839
455	0.9189
456	0.5956
457	0.4924
458	0.2871
459	0.8782
460	0.3044
461	0.0306
462	0.02308
463	0.5258
464	0.263
465	0.3009
466	0.9305
467	0.8386
468	0.382
469	0.6772
470	0.6172
471	0.5169
472	0.3871
473	0.07802
474	0.363
475	0.01785
476	0.4289
477	0.7172
478	0.7604
479	0.9551
480	0.6084
481	0.4154
482	0.4355
483	0.5152
484	0.7199
485	0.05707
486	0.1384
487	0.8531
488	0.1294
489	0.2767
490	0.8838
491	0.7524
492	0.741
493	0.02171
494	0.9376
495	0.8294
496	0.1609
497	0.7739
498	0.08993
499	0.1802
500	0.4475
501	0.6686
502	0.01947
503	0.6417
504	0.5633
505	0.04858
506	0.9661
507	0.9395
508	0.9272
509	0.09789
510	0.1882
511	0.1355
512	0.6154
513	0.6399
514	0.9423
515	0.7109
516	0.5728
517	0.945
518	1.0
519	0.9947
520	0.9402
521	1.0
522	0.9769
523	0.9441
524	0.9973
525	1.0
526	0.9923
527	0.9161
528	0.7909
529	0.439
530	0.7708
531	1.0
532	0.9497
533	1.0
534	0.9715
535	0.9955
536	0.9923
537	1.0
538	0.9989
539	0.996
540	0.9119
541	0.9482
542	0.9725
543	0.6723
544	0.2321
545	0.02803
546	0.2456
547	0.1977
548	0.7057
549	0.2043
550	0.5245
551	0.8002
552	0.7664
553	0.09431
554	0.281
555	0.7925
556	0.2303
557	0.1719
558	0.6624
559	0.08918
560	0.244
561	0.6587
562	0.09891
563	0.6297
564	0.454
565	0.7959
566	0.993
567	0.1021
568	0.1528
569	0.4604
570	0.8047
571	0.3044
572	0.7619
573	0.1596
574	0.1703
575	0.3671
576	0.8738
577	0.2937
578	0.1579
579	0.9363
580	0.389
581	0.007298
582	0.1399
583	0.252
584	0.4303
585	0.9811
586	0.1445
587	0.3412
588	0.7336
589	0.6861
590	0.2841
591	0.8653
592	0.3562
593	0.06743
594	0.0257
595	0.5058
596	0.456
597	0.3124
598	0.8718
599	0.8227
600	0.1362
601	0.08844
602	0.4554
603	0.01263
604	0.6712
605	0.511
606	0.06531
607	0.3813
608	0.06122
609	0.6929
610	0.2498
611	0.1935
612	0.8176
613	0.5765
614	0.5944
615	0.05248
616	0.7288
617	0.8318
618	0.683
619	0.7175
620	0.86
621	0.739
622	0.9722
623	0.4881
624	0.7419
625	0.7363
626	0.9901
627	0.9115
628	0.8438
629	0.1581
630	0.5442
631	0.1609
632	0.4329
633	0.6085
634	0.5099
635	0.04054
636	0.2198
637	0.3957
638	0.8485
639	0.8477
640	0.7709
641	0.3811
642	0.08893
643	0.01736
644	0.8485
645	0.1342
646	0.1075
647	0.5552
648	0.02353
649	0.2449
650	0.2265
651	0.2051
652	0.1005
653	0.225
654	0.8784
655	0.3564
656	0.1591
657	0.5042
658	0.2791
659	0.7228
660	0.528
661	0.8503
662	0.88
663	0.9795
664	0.7057
665	0.2888
666	0.6186
667	0.9513
668	0.1777
669	0.7544
670	0.2526
671	0.3953
672	0.6815
673	0.7612
674	0.4988
675	0.4626
676	0.09445
677	0.5955
678	0.1392
679	0.1138
680	0.5737
681	0.3878
682	0.9624
683	0.03957
684	0.4372
685	0.2527
686	0.716
687	0.1237
688	0.08227
689	0.07887
690	0.3129
691	0.6649
692	0.2073
693	0.4402
694	0.712
695	0.01353
696	0.9763
697	0.0997
698	0.1984
699	0.6589
700	0.4479
701	0.5445
702	0.8121
703	0.1892
704	0.2793
705	0.2437
706	0.6219
707	0.9495
708	0.2939
709	0.8765
710	0.3818
711	0.654
712	0.8094
713	0.9749
714	0.08219
715	0.1535
716	0.113
717	0.4011
718	0.6216
719	0.8994
720	0.6282
721	0.7228
722	0.607
723	0.07444
724	0.6806
725	0.1304
726	0.6605
727	0.416
728	0.2394
729	0.8195
730	0.4539
731	0.6175
732	0.1713
733	0.1965
734	0.4697
735	0.3312
736	0.4483
737	0.4275
738	0.2071
739	0.2725
740	0.002912
741	0.6958
742	0.3536
743	0.5721
744	0.5261
745	0.719
746	0.4489
747	0.6783
748	0.9741
749	0.6009
750	0.2979
751	0.3387
752	0.9605
753	0.02768
754	0.8289
755	0.3519
756	0.5193
757	0.1037
758	0.03201
759	0.686
760	0.06373
761	0.2696
762	0.5979
763	0.9387
764	0.6827
765	0.6875
766	0.138
767	0.9632
768	0.3502
769	0.795
770	0.8895
771	0.541
772	0.7172
773	0.2467
774	0.7032
775	0.05387
776	0.5369
777	0.7284
778	0.7428
779	0.8252
780	0.6158
781	0.2174
782	0.7344
783	0.2778
784	0.9702
785	0.3375
786	0.6072
787	0.08517
788	0.7302
789	0.5053
790	0.07032
791	0.2549
792	0.4763
793	0.9472
794	0.08686
795	0.5399
796	0.9955
797	0.8177
798	0.01903
799	0.876
800	0.02119
801	0.5431
802	0.1946
803	0.997
804	0.9886
805	0.9998
806	0.8512
807	0.9995
808	0.8232
809	0.9686
810	0.9899
811	0.5866
812	0.1051
813	0.1689
814	0.4695
815	0.1427
816	0.8354
817	0.8579
818	0.4901
819	0.1984
820	0.6565
821	0.5251
822	0.2315
823	0.1628
824	0.009315
825	0.3522
826	0.2189
827	0.4995
828	0.7514
829	0.9659
830	0.5726
831	0.7926
832	0.03499
833	0.8553
834	0.1271
835	0.3196
836	0.7442
837	0.1085
838	0.9472
839	0.03289
840	0.3634
841	0.2414
842	0.2919
843	0.5216
844	0.3355
845	0.548
846	0.01698
847	0.1102
848	0.6292
849	0.1902
850	0.2682
851	0.9534
852	0.7995
853	0.1369
854	0.0989
855	0.6774
856	0.08277
857	0.1816
858	0.6061
859	0.5114
860	0.9282
861	0.05868
862	0.6506
863	0.4923
864	0.3167
865	0.3393
866	0.5929
867	0.2519
868	0.8616
869	0.1218
870	0.4071
871	0.536
872	0.4103
873	0.1344
874	0.2854
875	0.175
876	0.9733
877	0.4976
878	0.1381
879	0.0914
880	0.8709
881	0.2885
882	0.6759
883	0.1555
884	0.4144
885	0.4535
886	0.9077
887	0.00221
888	0.8012
889	0.3665
890	0.4084
891	0.1515
892	0.4552
893	0.4596
894	0.4101
895	0.6096
896	0.8622
897	0.1647
898	0.128
899	0.2148
900	0.546
901	0.8621
902	0.3061
903	0.6299
904	0.5725
905	0.7819
906	0.3128
907	0.3257
908	0.9625
909	0.02383
910	0.06598
911	0.4156
912	0.8708
913	0.4099
914	0.5687
915	0.8483
916	0.6931
917	0.1126
918	0.003485
919	0.2923
920	0.6888
921	0.539
922	0.6574
923	0.08909
924	0.5544
925	0.6646
926	0.4206
927	0.4446
928	0.6209
929	0.7698
930	0.8675
931	0.3446
932	0.8636
933	0.1028
934	0.7167
935	0.09905
936	0.82
937	0.5728
938	0.4189
939	0.8386
940	0.6989
941	0.3326
942	0.583
943	0.321
944	0.5328
945	0.6026
946	0.7547
947	0.3993
948	0.2934
949	0.341
950	0.7778
951	0.139
952	0.7604
953	0.9428
954	0.2273
955	0.7401
956	0.3466
957	0.9688
958	0.08068
959	0.7635
960	0.9827
961	0.04076
962	0.5774
963	0.01353
964	0.1464
965	0.7158
966	0.5459
967	0.5279
968	0.7881
969	0.1018
970	0.1459
971	0.6665
972	0.08033
973	0.2093
974	0.6514
975	0.6613
976	0.2945
977	0.8991
978	0.8957
979	0.9983
980	0.9641
981	0.2788
982	0.9964
983	1.0
984	0.9992
985	0.9958
986	0.9333
987	1.0
988	0.9927
989	0.9914
990	1.0
991	0.9956
992	0.9971
993	1.0
994	0.9146
995	0.7901
996	0.9923
997	1.0
998	0.7752
999	0.9999
1000	1.0
201	0.3261
202	0.2465
203	0.1065
204	0.9916
205	0.1975
206	0.3126
207	0.8839
208	0.8873
209	0.3145
210	0.5874
211	0.2019
212	0.3386
213	0.3195
214	0.02878
215	0.3683
216	0.9533
217	0.8467
218	0.4988
219	0.01148
220	0.7732
221	0.4697
222	0.5403
223	0.1003
224	0.4077
225	0.9521
226	0.8249
227	0.5756
228	0.5898
229	0.104
230	0.7455
231	0.5739
232	0.2886
233	0.9751
234	0.2429
235	0.2071
236	0.2616
237	0.7431
238	0.2923
239	0.5601
240	0.1011
241	0.1693
242	0.1703
243	0.2932
244	0.5238
245	0.488
246	0.3513
247	0.332
248	0.693
249	0.9514
250	0.9027
251	0.8346
252	0.5089
253	0.7025
254	0.9759
255	0.9965
256	1.0
257	1.0
258	0.9933
259	0.9978
260	1.0
261	0.8061
262	1.0
263	0.9975
264	0.9702
265	0.9998
266	0.8152
267	0.5016
268	0.9874
269	0.4387
270	0.9493
271	0.6109
272	1.0
273	0.7531
274	0.9563
275	0.8503
276	0.9585
277	0.9733
278	0.9963
279	0.9377
280	0.389
281	0.8915
282	0.9999
283	0.9989
284	0.9809
285	0.9685
286	1.0
287	0.9659
288	0.8957
289	0.9995
290	1.0
291	0.997
292	0.4571
293	1.0
294	0.9704
295	0.9993
296	0.7579
297	0.9997
298	0.9862
299	0.9992
300	0.9321
301	1.0
302	0.9962
303	0.9966
304	0.9034
305	0.9997
306	0.922
307	1.0
308	0.9994
309	0.7636
310	0.953
311	0.8799
312	0.4731
313	0.9975
314	0.9999
315	0.9997
316	0.7446
317	1.0
318	0.9968
319	1.0
320	0.9905
321	0.9843
322	0.6692
323	0.9974
324	0.9989
325	0.3415
326	0.9977
327	0.9946
328	1.0
329	0.9396
330	0.6103
331	1.0
332	1.0
333	0.86
334	0.8863
335	1.0
336	0.9996
337	0.941
338	0.921
339	0.9933
340	0.9874
341	0.8775
342	0.9971
343	0.9263
344	1.0
345	0.9382
346	0.9204
347	0.9547
348	0.8121
349	0.9511
350	0.9363
351	0.9999
352	1.0
353	0.9968
354	0.9999
355	1.0
356	0.9993
357	0.9953
358	0.7085
359	0.9588
360	0.8112
361	0.9997
362	0.9992
363	0.9934
364	0.9869
365	0.9999
366	0.9996
367	0.9987
368	0.9558
369	0.9929
370	0.9986
371	0.8019
372	1.0
373	1.0
374	0.9758
375	1.0
376	0.6986
377	0.9727
378	0.9658
379	0.745
380	0.3884
381	0.9992
382	0.9996
383	0.7725
384	0.9918
385	0.9999
386	0.8742
387	0.9747
388	1.0
389	0.9953
390	0.9998
391	0.8855
392	0.9787
393	0.9526
394	0.9993
395	0.994
396	1.0
397	1.0
398	0.9463
399	0.9978
400	0.9993
401	0.7524
402	0.3935
403	0.9805
404	0.4361
405	1.0
406	0.9997
407	0.9179
408	0.9994
409	0.9981
410	1.0
411	0.7798
412	0.9996
413	0.9962
414	0.8996
415	0.9999
416	0.9999
417	0.9946
418	0.8811
419	0.9295
420	0.999
421	0.9828
422	0.9882
423	0.6404
424	0.9995
425	0.8693
426	0.9873
427	1.0
428	1.0
429	1.0
430	0.9676
431	0.8995
432	1.0
433	0.9985
434	1.0
435	0.9796
436	1.0
437	1.0
438	0.9544
439	0.8559
440	0.9484
441	1.0
442	0.9994
443	0.999
444	0.9999
445	0.9357
446	0.9856
447	0.2792
448	0.9998
449	0.8182
450	0.9588
451	0.9986
452	0.9134
453	1.0
454	0.9421
455	1.0
456	0.976
457	0.9996
458	0.9832
459	1.0
460	0.37
461	0.9996
462	1.0
463	0.9601
464	0.5799
465	0.8317
466	1.0
467	0.9991
468	0.9961
469	0.9993
470	1.0
471	0.9831
472	0.9996
473	0.9998
474	0.9983
475	0.8918
476	1.0
477	0.9978
478	0.9999
479	0.95
480	0.9994
481	0.8684
482	1.0
483	0.7663
484	1.0
485	1.0
486	0.8432
487	0.9745
488	0.9998
489	0.4214
490	0.6455
491	0.8645
492	0.9992
493	1.0
494	0.6766
495	0.9619
496	0.9998
497	0.9997
498	0.5746
499	0.9075
500	0.9859
501	0.612
502	0.9999
503	0.369
504	0.9316
505	0.8297
506	0.9774
507	0.8342
508	0.9899
509	1.0
510	0.6728
511	0.9618
512	0.9466
513	0.1834
514	0.7522
515	0.9741
516	0.9574
517	0.9291
518	0.974
519	0.9412
520	0.08834
521	0.694
522	0.999
523	0.9302
524	0.9997
525	0.4884
526	0.8778
527	0.9189
528	0.356
529	0.9429
530	0.9995
531	0.9465
532	1.0
533	0.9997
534	0.9357
535	1.0
536	0.9117
537	0.9999
538	0.9661
539	0.9699
540	0.9811
541	0.9574
542	0.9207
543	0.9813
544	0.9231
545	0.7681
546	0.9568
547	0.4708
548	0.9984
549	0.716
550	1.0
551	0.8807
552	1.0
553	0.897
554	0.9998
555	0.9387
556	0.9999
557	0.9993
558	0.9983
559	0.9141
560	0.9988
561	0.9998
562	0.994
563	0.9869
564	0.9974
565	1.0
566	0.4527
567	0.9828
568	0.9999
569	0.9971
570	1.0
571	0.9994
572	0.9991
573	1.0
574	0.977
575	1.0
576	0.9977
577	0.7743
578	0.999
579	0.8251
580	1.0
581	0.9999
582	0.9994
583	0.9731
584	0.9925
585	0.9949
586	0.8921
587	0.6221
588	0.9999
589	0.9967
590	1.0
591	0.9969
592	0.9718
593	0.9985
594	0.9981
595	1.0
596	0.9619
597	0.3074
598	0.9841
599	0.826
600	0.9899
601	0.9999
602	0.9866
603	0.8156
604	0.9996
605	0.5083
606	0.6839
607	1.0
608	0.9959
609	0.9956
610	0.926
611	1.0
612	0.9578
613	0.9881
614	1.0
615	0.9126
616	0.9998
617	0.9737
618	0.9999
619	0.9646
620	1.0
621	0.3142
622	1.0
623	0.9995
624	1.0
625	0.8959
626	0.9978
627	1.0
628	1.0
629	1.0
630	1.0
631	0.8278
632	0.7597
633	0.9094
634	0.9371
635	1.0
636	0.9836
637	0.9999
638	0.7895
639	0.9516
640	0.9993
641	0.946
642	0.721
643	0.9999
644	0.8521
645	0.9966
646	0.8186
647	0.8563
648	0.9995
649	0.8628
650	0.9992
651	0.9658
652	0.8641
653	0.9955
654	0.9982
655	0.9993
656	0.907
657	0.8523
658	0.8557
659	1.0
660	0.9821
661	0.9999
662	0.9901
663	0.9936
664	0.9952
665	1.0
666	1.0
667	0.9244
668	0.9848
669	0.9717
670	0.9972
671	0.9892
672	0.9989
673	0.9727
674	0.999
675	0.9181
676	0.7881
677	0.9662
678	0.727
679	0.8421
680	0.999
681	0.9974
682	0.9953
683	0.9477
684	0.674
685	0.9983
686	0.9672
687	0.9988
688	0.996
689	1.0
690	1.0
691	1.0
692	0.7381
693	0.9994
694	0.8223
695	1.0
696	0.7018
697	0.9381
698	0.9675
699	1.0
700	0.9756
701	1.0
702	0.981
703	0.9962
704	0.9933
705	0.9826
706	0.9993
707	0.4992
708	0.8637
709	0.455
710	1.0
711	1.0
712	0.9998
713	1.0
714	0.8772
715	0.9976
716	0.9999
717	0.9645
718	1.0
719	0.9318
720	0.9871
721	0.9998
722	0.8635
723	0.9994
724	0.9882
725	0.9526
726	0.9991
727	1.0
728	0.987
729	0.9993
730	0.9971
731	0.999
732	0.9568
733	1.0
734	0.9812
735	1.0
736	1.0
737	0.9986
738	0.9915
739	0.9998
740	0.9831
741	0.9988
742	0.9677
743	0.8054
744	0.8788
745	0.997
746	0.9982
747	0.948
748	0.9999
749	1.0
750	0.9933
751	0.9996
752	0.9996
753	0.9826
754	1.0
755	0.9926
756	0.9943
757	0.9997
758	0.9494
759	0.9982
760	0.9785
761	0.9992
762	0.7507
763	0.9999
764	1.0
765	0.9293
766	1.0
767	1.0
768	1.0
769	1.0
770	0.9908
771	0.9376
772	0.9999
773	0.9784
774	0.9948
775	0.9775
776	1.0
777	1.0
778	0.5454
779	0.6839
780	0.9999
781	0.5742
782	0.9426
783	0.9866
784	0.9686
785	0.9985
786	0.707
787	0.9949
788	1.0
789	0.9993
790	1.0
791	0.3046
792	0.9666
793	0.8021
794	0.9901
795	0.9991
796	0.9999
797	1.0
798	0.9933
799	1.0
800	0.9973
801	0.9998
802	0.8956
803	0.9994
804	0.2003
805	0.8368
806	1.0
807	0.9936
808	0.8187
809	0.9583
810	1.0
811	0.8562
812	0.6963
813	0.9931
814	0.9868
815	1.0
816	0.6879
817	0.999
818	0.9367
819	0.9941
820	1.0
821	0.9098
822	0.9588
823	0.8914
824	0.98
825	0.9916
826	0.9999
827	0.1889
828	0.9777
829	0.9999
830	1.0
831	1.0
832	0.9758
833	0.5829
834	0.9081
835	1.0
836	0.535
837	0.3426
838	0.902
839	0.9997
840	0.7987
841	0.9703
842	0.9987
843	0.653
844	0.9955
845	1.0
846	0.9974
847	0.9685
848	0.9492
849	0.9306
850	0.9987
851	0.997
852	0.9995
853	0.9737
854	1.0
855	1.0
856	0.5906
857	1.0
858	0.987
859	0.05165
860	0.8504
861	0.9915
862	0.7927
863	0.8804
864	0.921
865	0.9414
866	1.0
867	0.9829
868	0.9205
869	0.6995
870	0.9997
871	0.9939
872	0.9998
873	0.9967
874	0.9997
875	0.9092
876	0.9889
877	0.9381
878	0.9321
879	0.9114
880	1.0
881	1.0
882	0.9932
883	0.8886
884	1.0
885	0.9367
886	0.96
887	0.9992
888	0.7489
889	0.9999
890	0.804
891	0.9539
892	0.7676
893	0.9276
894	0.7357
895	0.6315
896	0.9481
897	0.9955
898	0.9995
899	0.9962
900	0.9845
901	0.9945
902	0.9999
903	0.9978
904	0.5879
905	0.6799
906	0.6614
907	0.9699
908	0.978
909	0.9956
910	0.6125
911	0.9989
912	1.0
913	0.9993
914	0.8575
915	0.7853
916	0.9955
917	0.9642
918	0.528
919	0.8618
920	0.9963
921	1.0
922	0.7518
923	1.0
924	0.7167
925	1.0
926	0.9998
927	0.9784
928	1.0
929	0.9933
930	0.7862
931	0.9931
932	0.9105
933	1.0
934	0.9997
935	0.9915
936	0.9849
937	0.9999
938	0.9974
939	0.9879
940	0.9598
941	1.0
942	0.9999
943	0.9978
944	0.9239
945	0.9447
946	0.9761
947	0.9994
948	0.9412
949	0.5137
950	1.0
951	0.9983
952	0.9999
953	0.8752
954	1.0
955	0.9929
956	0.9957
957	0.9998
958	0.9999
959	0.9304
960	0.9996
961	0.9999
962	1.0
963	0.977
964	0.9994
965	0.8893
966	0.9997
967	0.9426
968	0.9996
969	0.9939
970	0.9978
971	1.0
972	1.0
973	0.9998
974	0.9737
975	0.9881
976	0.998
977	0.7608
978	0.9989
979	0.9119
980	0.9987
981	1.0
982	1.0
983	0.9768
984	1.0
985	0.9995
986	0.8856
987	1.0
988	0.9998
989	0.9652
990	1.0
991	1.0
992	0.9878
993	0.9902
994	0.9525
995	0.9896
996	0.9421
997	0.6739
998	0.992
999	1.0
1000	0.8122
201	0.002301
202	0.002301
203	0.002301
204	0.002301
205	0.002301
206	0.002301
207	0.002034
208	0.002034
209	0.002034
210	0.002034
211	0.002034
212	0.004415
213	0.003939
214	0.005283
215	0.005283
216	0.002805
217	0.002805
218	0.002805
219	0.002805
220	0.002805
221	0.002805
222	0.002805
223	0.002805
224	0.002805
225	0.009811
226	0.01727
227	0.01657
228	0.01648
229	0.01648
230	0.0217
231	0.032
232	0.032
233	0.03746
234	0.03784
235	0.04891
236	0.04891
237	0.04891
238	0.04891
239	0.04891
240	0.04891
241	0.04891
242	0.05005
243	0.05506
244	0.05506
245	0.06511
246	0.06447
247	0.055
248	0.0501
249	0.0501
250	0.04908
251	0.03687
252	0.03687
253	0.03733
254	0.03301
255	0.04071
256	0.03678
257	0.03678
258	0.03678
259	0.03678
260	0.03678
261	0.03538
262	0.03144
263	0.04306
264	0.03763
265	0.04175
266	0.04069
267	0.04004
268	0.04004
269	0.04004
270	0.04004
271	0.04462
272	0.04462
273	0.07171
274	0.07171
275	0.07551
276	0.07208
277	0.07575
278	0.07575
279	0.07575
280	0.06531
281	0.06531
282	0.08015
283	0.0876
284	0.09421
285	0.1087
286	0.1163
287	0.02542
288	0.03079
289	0.03299
290	0.03299
291	0.02024
292	0.01796
293	0.05723
294	0.04358
295	0.04358
296	0.05338
297	0.05338
298	0.05338
299	0.05338
300	0.06037
301	0.05205
302	0.05205
303	0.05205
304	0.05205
305	0.05347
306	0.05347
307	0.05347
308	0.05347
309	0.06296
310	0.06296
311	0.06296
312	0.06296
313	0.06657
314	0.07394
315	0.07394
316	0.07394
317	0.07394
318	0.07439
319	0.005909
320	0.01264
321	0.009168
322	0.009168
323	0.004591
324	0.004591
325	0.004591
326	0.004591
327	0.007276
328	0.007276
329	0.007276
330	0.007276
331	0.01561
332	0.0195
333	0.02656
334	0.05299
335	0.05021
336	0.05021
337	0.04764
338	0.04764
339	0.04764
340	0.04764
341	0.05507
342	0.03952
343	0.04051
344	0.05666
345	0.05883
346	0.00308
347	0.008861
348	0.03365
349	0.02607
350	0.02607
351	0.02253
352	0.02253
353	0.02908
354	0.02387
355	0.02387
356	0.02387
357	0.02295
358	0.02295
359	0.02882
360	0.03005
361	0.03005
362	0.02785
363	0.02785
364	0.02785
365	0.02785
366	0.02785
367	0.01721
368	0.01721
369	0.01721
370	0.01722
371	0.01722
372	0.01906
373	0.01906
374	0.02555
375	0.02555
376	0.02555
377	0.007661
378	0.002292
379	0.002963
380	0.009482
381	0.04679
382	0.04679
383	0.04679
384	0.04679
385	0.04679
386	0.0433
387	0.0433
388	0.04149
389	0.04302
390	0.04491
391	0.04491
392	0.0434
393	0.0434
394	0.03939
395	0.03939
396	0.08708
397	0.0904
398	0.0904
399	0.0904
400	0.0904
401	0.05817
402	0.05455
403	0.07938
404	0.07695
405	0.07695
406	0.0769
407	0.0769
408	0.09194
409	0.08954
410	0.08954
411	0.08318
412	0.07079
413	0.06859
414	0.07068
415	0.06409
416	0.06856
417	0.08206
418	0.09509
419	0.09509
420	0.09687
421	0.09687
422	0.09687
423	0.07487
424	0.06834
425	0.06834
426	0.06834
427	0.06761
428	0.06761
429	0.06114
430	0.08686
431	0.07847
432	0.08605
433	0.08605
434	0.08605
435	0.09499
436	0.09499
437	0.09499
438	0.09499
439	0.09499
440	0.07759
441	0.07759
442	0.02387
443	0.02387
444	0.02387
445	0.02308
446	0.03081
447	0.03134
448	0.01336
449	0.01336
450	0.07059
451	0.07059
452	0.07059
453	0.07059
454	0.07059
455	0.07059
456	0.05234
457	0.06471
458	0.05093
459	0.05665
460	0.05665
461	0.05665
462	0.05665
463	0.05665
464	0.1361
465	0.1331
466	0.1331
467	0.1331
468	0.1758
469	0.1836
470	0.1836
471	0.1978
472	0.2266
473	0.2266
474	0.2266
475	0.2266
476	0.2266
477	0.2394
478	0.2463
479	0.2728
480	0.2728
481	0.2426
482	0.2577
483	0.2161
484	0.1839
485	0.2005
486	0.1944
487	0.2185
488	0.2049
489	0.2049
490	0.2049
491	0.2952
492	0.2952
493	0.2816
494	0.2816
495	0.3209
496	0.3356
497	0.3356
498	0.3414
499	0.3414
500	0.3414
501	0.3597
502	0.3881
503	0.4038
504	0.3585
505	0.2396
506	0.2396
507	0.0764
508	0.0764
509	0.05827
510	0.05827
511	0.03291
512	0.03291
513	0.03291
514	0.03291
515	0.05536
516	0.05536
517	0.01863
518	0.0205
519	0.04137
520	0.04869
521	0.06148
522	0.01013
523	0.01013
524	0.01013
525	0.01013
526	0.01013
527	0.04176
528	0.04176
529	0.04176
530	0.05102
531	0.1512
532	0.1429
533	0.02333
534	0.02333
535	0.02905
536	0.02905
537	0.03756
538	0.03756
539	0.03862
540	0.03862
541	0.03862
542	0.06233
543	0.03805
544	0.03805
545	0.1333
546	0.1333
547	0.2584
548	0.07115
549	0.09225
550	0.09225
551	0.06122
552	0.06122
553	0.06122
554	0.09285
555	0.2557
556	0.234
557	0.234
558	0.2175
559	0.2175
560	0.2221
561	0.1621
562	0.14
563	0.1757
564	0.1757
565	0.1241
566	0.1543
567	0.1311
568	0.1311
569	0.1311
570	0.1311
571	0.08029
572	0.002636
573	0.002636
574	0.002636
575	0.002636
576	0.002636
577	0.002636
578	0.002636
579	0.002636
580	0.002636
581	0.002636
582	0.002636
583	0.002636
584	0.002636
585	0.01362
586	0.08081
587	0.08081
588	0.08081
589	0.08081
590	0.2758
591	0.3292
592	0.3292
593	0.3258
594	0.2449
595	0.218
596	0.1002
597	0.2549
598	0.2688
599	0.2655
600	0.1921
601	0.1739
602	0.1804
603	0.2072
604	0.05309
605	0.05309
606	0.006036
607	0.006036
608	0.006036
609	0.006036
610	0.006565
611	0.00649
612	0.003671
613	0.003671
614	0.003671
615	0.003671
616	0.02047
617	0.02047
618	0.02047
619	0.02047
620	0.02371
621	0.02371
622	0.02371
623	0.0515
624	0.0515
625	0.06278
626	0.04836
627	0.04347
628	0.04347
629	0.221
630	0.2008
631	0.1154
632	0.0992
633	0.09862
634	0.0892
635	0.08983
636	0.04781
637	0.09256
638	0.123
639	0.09471
640	0.0379
641	0.007394
642	0.007394
643	0.007394
644	0.007394
645	0.007394
646	0.02965
647	0.02965
648	0.01592
649	0.01592
650	0.03981
651	0.08101
652	0.05185
653	0.05185
654	0.05906
655	0.0774
656	0.0774
657	0.07492
658	0.0428
659	0.0428
660	0.0428
661	0.03829
662	0.03829
663	0.02407
664	0.05716
665	0.03055
666	0.03055
667	0.04557
668	0.06793
669	0.05815
670	0.07389
671	0.07389
672	0.07389
673	0.07389
674	0.0802
675	0.0802
676	0.07014
677	0.05747
678	0.05747
679	0.05747
680	0.07869
681	0.05824
682	0.05309
683	0.04527
684	0.04527
685	0.04527
686	0.05039
687	0.003383
688	0.003383
689	0.01557
690	0.01557
691	0.02511
692	0.007642
693	2.791E-5
694	2.791E-5
695	2.791E-5
696	2.791E-5
697	2.791E-5
698	2.791E-5
699	2.791E-5
700	2.791E-5
701	2.791E-5
702	2.791E-5
703	2.791E-5
704	2.791E-5
705	2.791E-5
706	2.791E-5
707	1.943E-4
708	1.943E-4
709	1.943E-4
710	1.943E-4
711	1.943E-4
712	1.943E-4
713	1.943E-4
714	1.943E-4
715	1.943E-4
716	1.943E-4
717	1.943E-4
718	1.943E-4
719	1.943E-4
720	1.943E-4
721	1.943E-4
722	1.943E-4
723	1.943E-4
724	1.943E-4
725	1.943E-4
726	1.943E-4
727	1.943E-4
728	1.943E-4
729	1.943E-4
730	1.943E-4
731	1.943E-4
732	1.943E-4
733	1.943E-4
734	1.943E-4
735	1.943E-4
736	1.943E-4
737	0.005577
738	0.005577
739	0.005577
740	0.0373
741	0.0373
742	0.009022
743	0.009022
744	0.1554
745	0.1218
746	0.1218
747	0.1218
748	0.152
749	0.1543
750	0.1543
751	0.06852
752	0.06852
753	0.07841
754	0.05416
755	0.05924
756	0.05924
757	0.05809
758	0.07215
759	0.1246
760	0.08157
761	0.08157
762	0.08157
763	0.08412
764	0.03066
765	0.02869
766	0.02869
767	0.02869
768	0.02343
769	0.04564
770	0.0369
771	0.05795
772	0.02546
773	0.01822
774	0.1205
775	0.1826
776	0.1614
777	0.1333
778	0.1783
779	0.1402
780	0.1402
781	0.0661
782	0.09918
783	0.08609
784	0.07938
785	0.07938
786	0.1714
787	0.1397
788	0.1797
789	0.1797
790	0.1764
791	0.1764
792	0.1885
793	0.182
794	0.03802
795	0.03662
796	0.03662
797	0.03662
798	0.004626
799	0.008405
800	0.008405
801	0.144
802	0.1678
803	0.1678
804	0.1361
805	0.1514
806	0.1514
807	0.1524
808	0.2428
809	0.3093
810	0.4115
811	0.4455
812	0.4455
813	0.4455
814	0.4842
815	0.4842
816	0.4864
817	0.4751
818	0.448
819	0.448
820	0.4831
821	0.5028
822	0.5031
823	0.5031
824	0.5031
825	0.5031
826	0.5272
827	0.5272
828	0.5272
829	0.5025
830	0.4842
831	0.4717
832	0.5031
833	0.4772
834	0.6018
835	0.8394
836	0.7986
837	0.9923
838	0.9674
839	0.9535
840	0.9615
841	0.7174
842	0.7879
843	0.8228
844	0.8693
845	0.8988
846	0.751
847	0.8438
848	0.8277
849	0.9716
850	0.9716
851	0.9495
852	0.9495
853	1.075
854	1.004
855	1.088
856	1.088
857	1.08
858	0.9569
859	0.4598
860	0.4598
861	0.5581
862	0.5503
863	0.2307
864	0.2307
865	0.2307
866	0.2307
867	0.2307
868	0.1572
869	0.1572
870	0.1896
871	0.1161
872	0.07279
873	0.07279
874	0.00983
875	0.05949
876	0.05949
877	0.05949
878	0.05949
879	0.04217
880	0.05356
881	0.03579
882	0.03579
883	0.05838
884	0.005927
885	0.005927
886	0.005927
887	0.005927
888	0.005927
889	0.01509
890	0.01509
891	0.01452
892	0.01452
893	0.008075
894	0.008075
895	0.008075
896	0.008075
897	0.008075
898	0.008075
899	0.05498
900	0.1244
901	0.05652
902	0.05652
903	0.05652
904	0.05652
905	0.1519
906	0.1988
907	0.2492
908	0.3177
909	0.3089
910	0.2919
911	0.3199
912	0.2907
913	0.2903
914	0.2903
915	0.2903
916	0.2903
917	0.2903
918	0.2634
919	0.2881
920	0.314
921	0.2139
922	0.2125
923	0.1804
924	0.1804
925	0.1804
926	0.1333
927	0.5865
928	0.6861
929	0.6174
930	0.7
931	0.792
932	0.792
933	0.4473
934	0.6626
935	0.838
936	0.534
937	0.5279
938	0.2543
939	0.3177
940	0.2869
941	0.2208
942	0.2208
943	0.245
944	0.09619
945	0.1635
946	0.1857
947	0.2182
948	0.3991
949	0.3428
950	0.3168
951	0.4094
952	0.4094
953	0.4094
954	0.5211
955	0.5776
956	0.6616
957	0.6616
958	0.7651
959	0.8316
960	0.5909
961	0.6494
962	0.196
963	0.2154
964	0.2154
965	0.1871
966	0.1871
967	0.1904
968	0.2259
969	0.1962
970	0.1962
971	0.1437
972	0.2046
973	0.22
974	0.185
975	0.2525
976	0.2242
977	0.2242
978	0.2242
979	0.0428
980	0.0428
981	0.0428
982	0.0428
983	0.0428
984	0.06618
985	0.02797
986	0.02797
987	0.04715
988	0.04715
989	0.06004
990	0.09636
991	0.09636
992	0.1248
993	0.1687
994	0.09568
995	0.09568
996	0.08627
997	0.2415
998	0.2415
999	0.2415
1000	0.2972
201	0.3273
202	0.3273
203	0.3273
204	0.3273
205	0.3273
206	0.3273
207	0.3389
208	0.3389
209	0.3389
210	0.3389
211	0.3389
212	0.3375
213	0.3445
214	0.3334
215	0.3334
216	0.3103
217	0.3103
218	0.3103
219	0.3103
220	0.3103
221	0.3103
222	0.3103
223	0.3103
224	0.3103
225	0.3233
226	0.3111
227	0.314
228	0.2985
229	0.2985
230	0.3047
231	0.3404
232	0.3404
233	0.3468
234	0.3397
235	0.3105
236	0.3105
237	0.3105
238	0.3105
239	0.3105
240	0.3105
241	0.3105
242	0.3141
243	0.331
244	0.331
245	0.334
246	0.3302
247	0.3175
248	0.34
249	0.34
250	0.3423
251	0.307
252	0.307
253	0.3064
254	0.2952
255	0.3209
256	0.3195
257	0.3195
258	0.3195
259	0.3195
260	0.3195
261	0.3282
262	0.3381
263	0.3523
264	0.3294
265	0.3316
266	0.3298
267	0.3392
268	0.3392
269	0.3392
270	0.3392
271	0.3393
272	0.3393
273	0.3233
274	0.3233
275	0.3152
276	0.3389
277	0.3226
278	0.3226
279	0.3226
280	0.3302
281	0.3302
282	0.3152
283	0.3191
284	0.3353
285	0.333
286	0.3232
287	0.3013
288	0.3144
289	0.333
290	0.333
291	0.311
292	0.2964
293	0.3222
294	0.3363
295	0.3363
296	0.3209
297	0.3209
298	0.3209
299	0.3209
300	0.3419
301	0.3338
302	0.3338
303	0.3338
304	0.3338
305	0.3372
306	0.3372
307	0.3372
308	0.3372
309	0.3308
310	0.3308
311	0.3308
312	0.3308
313	0.3363
314	0.3365
315	0.3365
316	0.3365
317	0.3365
318	0.3515
319	0.3047
320	0.3202
321	0.3198
322	0.3198
323	0.3318
324	0.3318
325	0.3318
326	0.3318
327	0.3443
328	0.3443
329	0.3443
330	0.3443
331	0.343
332	0.3582
333	0.362
334	0.3497
335	0.3532
336	0.3532
337	0.3146
338	0.3146
339	0.3146
340	0.3146
341	0.3234
342	0.3323
343	0.3325
344	0.3246
345	0.3331
346	0.341
347	0.3475
348	0.3262
349	0.3195
350	0.3195
351	0.3401
352	0.3401
353	0.3314
354	0.3275
355	0.3275
356	0.3275
357	0.31
358	0.31
359	0.317
360	0.3131
361	0.3131
362	0.3135
363	0.3135
364	0.3135
365	0.3135
366	0.3135
367	0.3703
368	0.3703
369	0.3703
370	0.3685
371	0.3685
372	0.3517
373	0.3517
374	0.3439
375	0.3439
376	0.3439
377	0.3298
378	0.3575
379	0.3681
380	0.2985
381	0.322
382	0.322
383	0.322
384	0.322
385	0.322
386	0.3413
387	0.3413
388	0.3435
389	0.2821
390	0.2991
391	0.2991
392	0.3167
393	0.3167
394	0.3185
395	0.3185
396	0.3018
397	0.3285
398	0.3285
399	0.3285
400	0.3285
401	0.3326
402	0.3207
403	0.3427
404	0.3237
405	0.3237
406	0.331
407	0.331
408	0.3364
409	0.3239
410	0.3239
411	0.3079
412	0.3509
413	0.3546
414	0.3478
415	0.3301
416	0.3451
417	0.3257
418	0.3325
419	0.3325
420	0.3278
421	0.3278
422	0.3278
423	0.342
424	0.3295
425	0.3295
426	0.3295
427	0.3303
428	0.3303
429	0.3145
430	0.3631
431	0.3373
432	0.335
433	0.335
434	0.335
435	0.3298
436	0.3298
437	0.3298
438	0.3298
439	0.3298
440	0.3355
441	0.3355
442	0.3142
443	0.3142
444	0.3142
445	0.325
446	0.3197
447	0.3449
448	0.328
449	0.328
450	0.344
451	0.344
452	0.344
453	0.344
454	0.344
455	0.344
456	0.3385
457	0.3298
458	0.3277
459	0.3236
460	0.3236
461	0.3236
462	0.3236
463	0.3236
464	0.3182
465	0.3041
466	0.3041
467	0.3041
468	0.3322
469	0.3088
470	0.3088
471	0.3167
472	0.3259
473	0.3259
474	0.3259
475	0.3259
476	0.3259
477	0.3416
478	0.3342
479	0.3161
480	0.3161
481	0.3014
482	0.2994
483	0.3306
484	0.3151
485	0.3177
486	0.3322
487	0.3211
488	0.3485
489	0.3485
490	0.3485
491	0.3433
492	0.3433
493	0.3528
494	0.3528
495	0.3142
496	0.3312
497	0.3312
498	0.3204
499	0.3204
500	0.3204
501	0.3299
502	0.3445
503	0.3418
504	0.3515
505	0.3391
506	0.3391
507	0.3231
508	0.3231
509	0.3338
510	0.3338
511	0.3172
512	0.3172
513	0.3172
514	0.3172
515	0.3317
516	0.3317
517	0.3293
518	0.3231
519	0.3306
520	0.3241
521	0.3248
522	0.3417
523	0.3417
524	0.3417
525	0.3417
526	0.3417
527	0.3432
528	0.3432
529	0.3432
530	0.3294
531	0.2956
532	0.2995
533	0.3239
534	0.3239
535	0.3298
536	0.3298
537	0.3337
538	0.3337
539	0.3137
540	0.3137
541	0.3137
542	0.3186
543	0.3134
544	0.3134
545	0.3184
546	0.3184
547	0.3566
548	0.3017
549	0.3259
550	0.3259
551	0.3181
552	0.3181
553	0.3181
554	0.3423
555	0.313
556	0.2934
557	0.2934
558	0.2901
559	0.2901
560	0.2982
561	0.2917
562	0.29
563	0.2861
564	0.2861
565	0.3002
566	0.3413
567	0.3214
568	0.3214
569	0.3214
570	0.3214
571	0.313
572	0.3134
573	0.3134
574	0.3134
575	0.3134
576	0.3134
577	0.3134
578	0.3134
579	0.3134
580	0.3134
581	0.3134
582	0.3134
583	0.3134
584	0.3134
585	0.3081
586	0.3188
587	0.3188
588	0.3188
589	0.3188
590	0.3541
591	0.32
592	0.32
593	0.3261
594	0.364
595	0.3628
596	0.282
597	0.3526
598	0.3378
599	0.3451
600	0.3551
601	0.354
602	0.3499
603	0.357
604	0.3601
605	0.3601
606	0.3524
607	0.3524
608	0.3524
609	0.3524
610	0.3508
611	0.337
612	0.3433
613	0.3433
614	0.3433
615	0.3433
616	0.3379
617	0.3379
618	0.3379
619	0.3379
620	0.3343
621	0.3343
622	0.3343
623	0.3138
624	0.3138
625	0.3352
626	0.3417
627	0.3166
628	0.3166
629	0.3163
630	0.3176
631	0.3577
632	0.3562
633	0.3547
634	0.3602
635	0.3568
636	0.3543
637	0.3437
638	0.3562
639	0.3448
640	0.3383
641	0.3243
642	0.3243
643	0.3243
644	0.3243
645	0.3243
646	0.3094
647	0.3094
648	0.2989
649	0.2989
650	0.3092
651	0.3428
652	0.3156
653	0.3156
654	0.3145
655	0.3278
656	0.3278
657	0.345
658	0.3524
659	0.3524
660	0.3524
661	0.358
662	0.358
663	0.3626
664	0.3467
665	0.3096
666	0.3096
667	0.3295
668	0.3084
669	0.3069
670	0.3072
671	0.3072
672	0.3072
673	0.3072
674	0.3494
675	0.3494
676	0.3454
677	0.3274
678	0.3274
679	0.3274
680	0.3503
681	0.3289
682	0.3209
683	0.3111
684	0.3111
685	0.3111
686	0.3219
687	0.3102
688	0.3102
689	0.3187
690	0.3187
691	0.3413
692	0.3211
693	0.3357
694	0.3357
695	0.3357
696	0.3357
697	0.3357
698	0.3357
699	0.3357
700	0.3357
701	0.3357
702	0.3357
703	0.3357
704	0.3357
705	0.3357
706	0.3357
707	0.3386
708	0.3386
709	0.3386
710	0.3386
711	0.3386
712	0.3386
713	0.3386
714	0.3386
715	0.3386
716	0.3386
717	0.3386
718	0.3386
719	0.3386
720	0.3386
721	0.3386
722	0.3386
723	0.3386
724	0.3386
725	0.3386
726	0.3386
727	0.3386
728	0.3386
729	0.3386
730	0.3386
731	0.3386
732	0.3386
733	0.3386
734	0.3386
735	0.3386
736	0.3386
737	0.3349
738	0.3349
739	0.3349
740	0.3394
741	0.3394
742	0.3495
743	0.3495
744	0.3305
745	0.3157
746	0.3157
747	0.3157
748	0.3222
749	0.3391
750	0.3391
751	0.3135
752	0.3135
753	0.3143
754	0.3208
755	0.3594
756	0.3594
757	0.3417
758	0.3449
759	0.3437
760	0.3179
761	0.3179
762	0.3179
763	0.3066
764	0.3669
765	0.3618
766	0.3618
767	0.3618
768	0.3628
769	0.3055
770	0.309
771	0.3588
772	0.3469
773	0.3527
774	0.3395
775	0.3698
776	0.3634
777	0.3303
778	0.3325
779	0.3183
780	0.3183
781	0.3131
782	0.3048
783	0.3197
784	0.3425
785	0.3425
786	0.3274
787	0.3203
788	0.3322
789	0.3322
790	0.3395
791	0.3395
792	0.3456
793	0.3491
794	0.3438
795	0.3322
796	0.3322
797	0.3322
798	0.328
799	0.3109
800	0.3109
801	0.33
802	0.307
803	0.307
804	0.3006
805	0.316
806	0.316
807	0.3185
808	0.3254
809	0.3273
810	0.3348
811	0.3213
812	0.3213
813	0.3213
814	0.3299
815	0.3299
816	0.3248
817	0.3374
818	0.3176
819	0.3176
820	0.3249
821	0.3328
822	0.3397
823	0.3397
824	0.3397
825	0.3397
826	0.3452
827	0.3452
828	0.3452
829	0.3217
830	0.3336
831	0.3268
832	0.3407
833	0.3295
834	0.3682
835	0.3263
836	0.3278
837	0.3042
838	0.3214
839	0.3421
840	0.2981
841	0.296
842	0.3001
843	0.3169
844	0.3202
845	0.3481
846	0.3357
847	0.3312
848	0.3204
849	0.3124
850	0.3124
851	0.3247
852	0.3247
853	0.3341
854	0.3382
855	0.3399
856	0.3399
857	0.3234
858	0.329
859	0.3134
860	0.3134
861	0.3157
862	0.3149
863	0.3381
864	0.3381
865	0.3381
866	0.3381
867	0.3381
868	0.344
869	0.344
870	0.3476
871	0.3535
872	0.3541
873	0.3541
874	0.3321
875	0.3365
876	0.3365
877	0.3365
878	0.3365
879	0.3214
880	0.3245
881	0.3311
882	0.3311
883	0.3262
884	0.3411
885	0.3411
886	0.3411
887	0.3411
888	0.3411
889	0.3247
890	0.3247
891	0.3364
892	0.3364
893	0.3299
894	0.3299
895	0.3299
896	0.3299
897	0.3299
898	0.3299
899	0.3277
900	0.3243
901	0.3391
902	0.3391
903	0.3391
904	0.3391
905	0.3327
906	0.3194
907	0.3255
908	0.3204
909	0.3233
910	0.3447
911	0.3302
912	0.3291
913	0.3339
914	0.3339
915	0.3339
916	0.3339
917	0.3339
918	0.3479
919	0.3424
920	0.3304
921	0.3004
922	0.3018
923	0.3104
924	0.3104
925	0.3104
926	0.2945
927	0.3101
928	0.329
929	0.3151
930	0.3352
931	0.3047
932	0.3047
933	0.3165
934	0.3277
935	0.3588
936	0.2953
937	0.3216
938	0.3255
939	0.3417
940	0.3507
941	0.3316
942	0.3316
943	0.3209
944	0.3257
945	0.3254
946	0.3271
947	0.317
948	0.301
949	0.3075
950	0.336
951	0.3283
952	0.3283
953	0.3283
954	0.3306
955	0.3423
956	0.3317
957	0.3317
958	0.3383
959	0.3365
960	0.3383
961	0.3333
962	0.3261
963	0.3303
964	0.3303
965	0.3243
966	0.3243
967	0.3512
968	0.3258
969	0.3437
970	0.3437
971	0.3346
972	0.3391
973	0.3332
974	0.3242
975	0.3372
976	0.3329
977	0.3329
978	0.3329
979	0.3414
980	0.3414
981	0.3414
982	0.3414
983	0.3414
984	0.3464
985	0.3277
986	0.3277
987	0.3209
988	0.3209
989	0.3363
990	0.3349
991	0.3349
992	0.3377
993	0.3231
994	0.3148
995	0.3148
996	0.3275
997	0.3162
998	0.3162
999	0.3162
1000	0.3027
